LAnkleAngle
File	Frame	X 	Y 	Z 
C:\Motion Data\1244\Processed\1244jb31.c3d	
 -	1	-82.239853	14.308350	16.836258
 - 	2	-82.280396	14.483027	16.708477
 - 	3	-82.028481	14.382113	16.907541
 - 	4	-82.731400	14.569258	15.306985
 - 	5	-82.548439	14.043647	13.438859
 - 	6	-75.634293	10.645570	9.636215
 - 	7	-72.549973	13.037726	9.241589
 - 	8	-71.629318	12.584767	9.194382
 - 	9	-71.328232	13.093145	8.617413
 - 	10	-74.130943	12.152110	6.733491
 - 	11	-75.463425	12.606550	6.918384
 - 	12	-76.522636	13.681316	7.785704
 - 	13	-77.641006	14.430433	8.453184
 - 	14	-78.558693	14.290799	9.820851
 - 	15	-79.331406	14.012671	10.612080
 - 	16	-79.981972	14.274107	11.774398
 - 	17	-80.695473	14.834868	13.139916
 - 	18	-81.653572	15.207635	13.961118
 - 	19	-82.505852	15.296825	14.373899
 - 	20	-83.618561	15.467940	14.373230
 - 	21	-84.312935	15.776712	15.583078
 - 	22	-85.352905	15.448713	16.295662
 - 	23	-86.456352	15.070956	16.455482
 - 	24	-87.266838	15.217696	17.863548
 - 	25	-88.410950	14.530972	17.572384
 - 	26	-89.629379	14.211970	17.833939
 - 	27	-90.027985	14.553789	19.100674
 - 	28	-90.769745	13.737400	19.199156
 - 	29	-91.516327	13.194371	20.439604
 - 	30	-92.499115	13.161982	20.755081
 - 	31	-93.473785	13.230824	20.240488
 - 	32	-94.102783	13.206624	20.656321
 - 	33	-94.601013	13.211643	20.307501
 - 	34	-95.566132	13.442303	22.110767
 - 	35	-95.588623	13.480797	22.181610
 - 	36	-94.925415	13.247626	23.631361
 - 	37	-94.312439	13.996814	23.833809
 - 	38	-93.360107	13.889913	24.536715
 - 	39	-91.659180	15.166919	25.176888
 - 	40	-89.000443	16.237131	25.822180
 - 	41	-86.064079	18.249426	25.980053
 - 	42	-81.808372	20.361357	27.400742
 - 	43	-76.955154	23.662371	26.755459
 - 	44	-70.372307	27.727545	27.759390
 - 	45	-61.803967	30.602161	25.589493
 - 	46	-56.866089	32.955963	25.420633
 - 	47	-52.156132	31.954245	23.062786
 - 	48	-49.362995	29.306774	20.155369
 - 	49	-53.401661	24.876764	19.539984
 - 	50	-60.097565	21.456970	21.780703
 - 	51	-63.708370	18.025301	20.947144
 - 	52	-68.155136	15.913878	22.198637
 - 	53	-71.757797	14.788763	24.088190
 - 	54	-75.949127	12.679822	26.917406
 - 	55	-79.188538	9.927547	27.360395
 - 	56	-82.028236	8.864737	27.066656
 - 	57	-84.235268	8.264791	26.611246
 - 	58	-85.981216	7.624267	25.022327
 - 	59	-87.917374	7.293847	22.560049
 - 	60	-88.709869	8.129019	20.848827
 - 	61	-89.592659	9.164504	20.616047
 - 	62	-90.306458	10.605719	20.418854
 - 	63	-90.531921	11.457237	19.410671
 - 	64	-89.944054	11.866432	18.111622
 - 	65	-89.311867	13.703244	17.255043
 - 	66	-89.075920	13.830399	16.706282
 - 	67	-88.701698	14.468657	16.736732
 - 	68	-87.875786	13.764812	16.273689
 - 	69	-86.849678	14.058538	17.787373
 - 	70	-85.476799	13.415587	18.117498
 - 	71	-84.849609	14.300357	17.206341
 - 	72	-84.142044	14.395596	16.445076
 - 	73	-84.540985	14.635574	16.897055
 - 	74	-84.689240	14.612208	16.432529
 - 	75	-85.657333	14.597751	14.919753
 - 	76	-86.210075	14.931209	15.185165
 - 	77	-79.681702	10.737564	10.088181
 - 	78	-76.026245	14.529723	10.427645
 - 	79	-74.963516	12.800964	8.940602
 - 	80	-72.523903	13.454776	8.376346
 - 	81	-74.160950	13.417733	7.643580
 - 	82	-75.757004	12.603512	7.521239
 - 	83	-77.020950	13.535499	5.908184
 - 	84	-78.426010	13.760902	5.232160
 - 	85	-79.062668	13.880148	7.307543
 - 	86	-79.967812	13.225151	8.497785
 - 	87	-80.828766	13.399063	9.428161
 - 	88	-81.902527	13.951102	10.225433
 - 	89	-82.726219	14.234719	10.649210
 - 	90	-83.722336	14.066359	10.936872
 - 	91	-84.698517	14.445019	10.912577
 - 	92	-85.616394	13.934874	11.591227
 - 	93	-87.119072	13.515091	12.622443
 - 	94	-87.794594	12.642639	13.677809
 - 	95	-88.995361	12.301714	14.488310
 - 	96	-90.174713	11.601484	14.761727
 - 	97	-91.279144	11.524706	16.090590
 - 	98	-92.183990	10.461644	15.742604
 - 	99	-93.294739	10.432592	16.490572
 - 	100	-93.951691	10.363024	16.939133
 - 	101	-95.179413	9.995887	17.923925
 - 	102	-95.988159	10.533265	18.110403
 - 	103	-96.368622	10.246582	17.985237
 - 	104	-96.302521	10.018267	19.177816
 - 	105	-96.156372	10.289492	19.456825
 - 	106	-95.299225	10.551413	20.720705
 - 	107	-94.089355	11.279350	21.215359
 - 	108	-92.645691	11.697558	21.882048
 - 	109	-90.620239	13.506919	22.766861
 - 	110	-87.799934	15.588614	24.110382
 - 	111	-84.259804	17.307541	25.930641
 - 	112	-79.130882	19.440128	25.114704
 - 	113	-71.899857	23.273346	25.279167
 - 	114	-65.008881	26.375469	24.027124
 - 	115	-60.843750	27.511793	23.259251
 - 	116	-56.691868	27.041046	22.859407
 - 	117	-55.769733	24.988842	21.956860
 - 	118	-59.425159	21.839849	23.878223
 - 	119	-64.037132	17.749657	24.019037
 - 	120	-66.049210	16.364510	24.499077
 - 	121	-68.852852	14.455571	25.202671
 - 	122	-72.174316	13.568162	25.799305
 - 	123	-75.244362	12.723500	26.646717
 - 	124	-77.916618	10.888949	26.555180
 - 	125	-81.158737	9.368777	26.444744
 - 	126	-83.163101	8.616817	24.238201
 - 	127	-85.507607	8.979440	23.953314
 - 	128	-86.646957	9.546502	21.261053
 - 	129	-88.265617	10.423102	20.619970
 - 	130	-89.576180	10.739375	20.114052
 - 	131	-90.485382	11.295437	18.698252
 - 	132	-91.111542	11.495879	18.574808
 - 	133	-91.235107	12.330969	15.920215
 - 	134	-90.714355	12.400211	15.780524
 - 	135	-90.283234	12.861302	15.076910
 - 	136	-89.291138	12.593785	15.839494
 - 	137	-88.634987	12.514382	16.131084
 - 	138	-87.715096	12.280929	17.086660
 - 	139	-86.924454	12.252413	15.206432
 - 	140	-86.425110	12.715728	14.411034
 - 	141	-86.559853	12.707473	13.985028
 - 	142	-86.800652	13.384071	15.113269
 - 	143	-87.217438	13.759696	14.676826
 - 	144	-84.509521	10.993716	10.826088
 - 	145	-77.170250	11.172969	8.697377
 - 	146	-75.368423	14.393041	9.160096
 - 	147	-72.208298	13.231997	8.983447
 - 	148	-73.319862	13.598392	9.658006
 - 	149	-75.077751	12.906178	8.132050
 - 	150	-76.194290	13.714119	7.524305
 - 	151	-77.385979	13.815995	7.205772
 - 	152	-78.328743	14.611476	8.569713
 - 	153	-79.118721	14.826115	9.577950
 - 	154	-80.074417	14.776947	10.175116
 - 	155	-81.273430	14.480310	10.446504
 - 	156	-82.145821	15.092614	10.678110
 - 	157	-83.256859	15.156281	11.836675
 - 	158	-84.552017	15.355883	13.045531
 - 	159	-85.596779	14.757341	14.826131
 - 	160	-86.691628	14.397967	14.141618
 - 	161	-87.337219	14.429792	16.378872
 - 	162	-88.505638	13.684619	16.592508
 - 	163	-89.947662	13.923751	16.079487
 - 	164	-90.358276	13.243341	17.538544
 - 	165	-91.197784	12.618649	17.502819
 - 	166	-92.034515	12.339184	17.574919
 - 	167	-92.817017	12.194579	18.624104
 - 	168	-93.447479	12.269165	19.174017
 - 	169	-93.848206	12.286851	19.266037
 - 	170	-94.227173	12.070073	19.231365
 - 	171	-94.432007	12.046834	20.556736
 - 	172	-94.095093	12.331982	21.380547
 - 	173	-93.409027	12.064754	21.600807
 - 	174	-92.462921	13.325809	22.343363
 - 	175	-90.997009	13.976712	22.666399
 - 	176	-89.308746	15.110202	24.126366
 - 	177	-86.966171	15.885810	25.215195
 - 	178	-83.823112	18.201374	24.491535
 - 	179	-79.646111	20.308661	26.185608
 - 	180	-73.834991	22.727016	25.423044
 - 	181	-66.001427	26.775219	24.245890
 - 	182	-61.375645	29.679689	25.417929
 - 	183	-57.542877	28.355057	23.275955
 - 	184	-56.063423	26.972795	23.433670
 - 	185	-59.107155	22.213289	21.641146
 - 	186	-63.817196	18.720474	23.310740
 - 	187	-66.361740	16.911083	23.693453
 - 	188	-69.514214	15.291848	25.340097
 - 	189	-72.088562	13.154783	26.187178
 - 	190	-74.813248	12.243134	26.684593
 - 	191	-77.858353	11.190218	26.589663
 - 	192	-80.070488	9.385201	24.518892
 - 	193	-82.301399	8.652713	23.500473
 - 	194	-84.408752	8.469446	22.952900
 - 	195	-86.865128	9.308306	21.205322
 - 	196	-87.875237	9.912245	19.829418
