LHipAngle
File	Frame	X 	Y 	Z 
C:\Motion Data\1244\Processed\1244jb31.c3d	
 -	1	-24.609875	4.595723	-13.569938
 - 	2	-23.605446	3.917904	-12.957494
 - 	3	-22.674068	4.025513	-12.647952
 - 	4	-23.135921	3.824638	-11.528246
 - 	5	-21.299459	5.183264	-5.402484
 - 	6	-20.503031	3.100827	-8.530986
 - 	7	-17.551897	3.418198	-6.273001
 - 	8	-16.231291	3.562763	-4.760902
 - 	9	-15.229258	4.469910	-1.358642
 - 	10	-15.513672	5.896265	1.369460
 - 	11	-14.032779	7.436226	1.020948
 - 	12	-12.362704	8.317085	-0.938717
 - 	13	-10.343799	9.072245	-1.884827
 - 	14	-7.177049	9.561405	-4.799860
 - 	15	-3.815190	9.130066	-8.016148
 - 	16	-1.811139	9.068402	-9.538915
 - 	17	-1.024498	8.291439	-9.087925
 - 	18	-0.382966	8.196619	-7.771401
 - 	19	0.244434	7.894192	-6.509652
 - 	20	0.534000	7.100646	-5.452556
 - 	21	1.923525	6.421734	-7.918623
 - 	22	2.262758	5.938944	-8.441243
 - 	23	3.600715	5.707342	-9.035414
 - 	24	4.313335	5.260730	-8.122936
 - 	25	4.120963	4.955565	-7.001947
 - 	26	5.308054	4.614895	-6.761604
 - 	27	5.901321	4.235189	-6.292078
 - 	28	6.710765	3.678367	-6.520720
 - 	29	7.558189	3.610155	-6.551660
 - 	30	8.117158	3.548171	-5.845813
 - 	31	8.542452	3.778277	-5.002813
 - 	32	9.087092	3.841423	-4.813229
 - 	33	10.120468	3.730875	-5.314843
 - 	34	10.184530	3.823696	-5.782633
 - 	35	11.296863	3.749854	-6.414652
 - 	36	12.634839	3.139358	-7.451354
 - 	37	12.274505	2.890581	-6.953280
 - 	38	14.066143	1.984390	-8.028108
 - 	39	14.912321	0.905945	-7.702027
 - 	40	15.675313	-0.775592	-8.054385
 - 	41	16.491074	-2.782796	-7.820561
 - 	42	17.046310	-4.964431	-7.891836
 - 	43	16.835712	-6.777322	-6.789847
 - 	44	15.412438	-8.895325	-7.973077
 - 	45	13.856477	-11.234756	-10.850010
 - 	46	12.034953	-13.870231	-15.116282
 - 	47	9.171794	-15.090322	-17.293871
 - 	48	7.098951	-16.091845	-16.881863
 - 	49	5.328293	-16.281836	-16.498409
 - 	50	2.299215	-15.201185	-14.302774
 - 	51	0.087236	-14.537826	-11.556288
 - 	52	-1.689521	-12.814181	-8.520696
 - 	53	-4.646508	-11.359537	-7.067413
 - 	54	-8.756053	-9.767833	-7.251251
 - 	55	-11.710784	-7.547252	-7.507154
 - 	56	-13.819283	-5.183930	-9.321279
 - 	57	-16.478945	-3.130553	-11.112167
 - 	58	-19.025875	-1.832284	-11.404946
 - 	59	-20.615589	-0.098060	-11.245543
 - 	60	-22.569958	0.490705	-11.425350
 - 	61	-24.392092	0.566010	-9.796766
 - 	62	-25.133757	1.144015	-9.404638
 - 	63	-25.899523	1.182114	-8.788915
 - 	64	-24.338770	1.867685	-11.143415
 - 	65	-26.081308	2.271591	-11.127638
 - 	66	-25.854425	2.019863	-11.146068
 - 	67	-25.368193	2.944014	-11.839504
 - 	68	-24.365259	1.955411	-12.121980
 - 	69	-11.751300	0.362861	-15.028013
 - 	70	-21.740093	2.855236	-13.217251
 - 	71	-20.617348	3.045096	-15.461039
 - 	72	-19.117565	3.696909	-16.698050
 - 	73	-19.721628	4.011215	-15.819439
 - 	74	-19.174404	4.035726	-15.460794
 - 	75	-19.036768	2.938573	-14.017073
 - 	76	-17.420471	3.633114	-14.214319
 - 	77	-15.637381	3.533194	-13.354304
 - 	78	-11.865860	3.761062	-13.060975
 - 	79	-10.562898	3.774086	-9.299665
 - 	80	-9.374142	4.134490	-5.643335
 - 	81	-10.068376	5.441412	-3.092607
 - 	82	-9.543834	6.827468	-4.629448
 - 	83	-8.887143	8.293490	-3.942869
 - 	84	-6.635081	8.476425	-4.387809
 - 	85	-3.825124	8.899329	-5.690358
 - 	86	-1.415607	8.977482	-7.431954
 - 	87	1.015866	8.386604	-8.865037
 - 	88	5.811439	5.376008	-11.480385
 - 	89	2.324327	6.280661	-7.177852
 - 	90	2.634923	8.096038	-7.114653
 - 	91	3.253521	7.752939	-6.912446
 - 	92	3.423949	7.004266	-6.244840
 - 	93	4.061512	6.772896	-7.270724
 - 	94	3.735676	6.310169	-6.007481
 - 	95	4.137014	6.157797	-5.580907
 - 	96	6.012766	5.525095	-6.408264
 - 	97	6.328844	4.775673	-5.621183
 - 	98	6.885468	4.033281	-5.830553
 - 	99	7.253784	3.332009	-5.086738
 - 	100	7.623974	3.061268	-4.478153
 - 	101	8.839798	2.741959	-5.389334
 - 	102	9.546480	2.473686	-5.495069
 - 	103	10.420130	1.739846	-5.238295
 - 	104	11.198232	1.729814	-5.604143
 - 	105	10.601364	1.622407	-6.190396
 - 	106	11.631809	0.674341	-7.020360
 - 	107	12.993786	-0.159684	-7.342930
 - 	108	13.589606	-0.948745	-8.172477
 - 	109	13.935769	-2.090729	-7.821812
 - 	110	14.486963	-3.842303	-8.167576
 - 	111	14.282511	-5.637992	-8.550555
 - 	112	14.139974	-7.506354	-9.418811
 - 	113	12.938284	-9.782568	-11.654176
 - 	114	9.567577	-10.865416	-13.861197
 - 	115	8.842642	-13.136019	-16.025810
 - 	116	5.719646	-13.519499	-18.070702
 - 	117	2.171510	-12.783862	-17.928118
 - 	118	-0.011526	-12.357856	-16.881824
 - 	119	-3.605314	-11.689586	-15.752681
 - 	120	-7.244046	-10.490398	-12.819413
 - 	121	-10.478108	-9.570736	-10.490975
 - 	122	-13.441760	-7.814171	-9.351497
 - 	123	-16.903313	-5.660875	-9.259459
 - 	124	-19.983385	-4.415130	-9.073776
 - 	125	-21.961622	-3.040605	-10.572858
 - 	126	-22.600744	-2.267022	-10.362541
 - 	127	-23.427090	-1.343657	-10.233510
 - 	128	-24.869986	-0.652644	-8.606336
 - 	129	-25.453846	-0.481596	-8.151237
 - 	130	-26.490355	-0.194855	-6.728532
 - 	131	-26.731815	0.787742	-6.365026
 - 	132	-27.303005	1.340487	-5.895954
 - 	133	-27.566448	0.710559	-5.889734
 - 	134	-27.127392	1.523992	-6.486672
 - 	135	-26.685284	1.199738	-6.307352
 - 	136	-26.386951	0.518069	-6.592309
 - 	137	-25.199287	0.545901	-7.254793
 - 	138	-24.183542	0.635036	-9.366384
 - 	139	-22.725763	1.135211	-10.598865
 - 	140	-22.116255	1.069776	-11.585361
 - 	141	-21.475136	1.203513	-11.566358
 - 	142	-20.606035	1.704629	-11.523738
 - 	143	-19.781059	1.653784	-10.616160
 - 	144	-18.134638	1.615642	-10.891619
 - 	145	-15.648877	2.501311	-11.159887
 - 	146	-12.802496	2.940905	-10.142859
 - 	147	-11.709524	3.675234	-7.455256
 - 	148	-10.695393	4.489267	-6.013854
 - 	149	-9.929591	6.404961	-5.090758
 - 	150	-9.068480	8.226964	-6.256080
 - 	151	-6.776188	8.203940	-6.898775
 - 	152	-4.300225	8.461689	-7.322635
 - 	153	-1.876227	7.743312	-8.362295
 - 	154	0.314448	7.945571	-9.310139
 - 	155	0.825508	7.804083	-8.411020
 - 	156	1.642412	7.907804	-7.507259
 - 	157	2.534364	6.394048	-8.066086
 - 	158	2.234491	6.875810	-7.359603
 - 	159	3.093220	6.609610	-7.423069
 - 	160	3.884869	6.326435	-8.364216
 - 	161	4.582498	5.884264	-8.193435
 - 	162	5.230534	5.269585	-7.869267
 - 	163	4.785315	4.486698	-6.143770
 - 	164	6.188013	4.376502	-6.646809
 - 	165	7.128904	3.588820	-7.034719
 - 	166	7.303509	2.712255	-6.332213
 - 	167	7.462270	2.507788	-5.371433
 - 	168	8.714334	1.915506	-6.385261
 - 	169	9.269567	1.621039	-6.269363
 - 	170	9.859814	1.286339	-6.795382
 - 	171	9.923565	0.595009	-6.523910
 - 	172	10.700855	0.037190	-7.171396
 - 	173	11.323043	-0.010302	-7.185355
 - 	174	12.352393	-1.033602	-8.156190
 - 	175	11.943841	-1.423503	-7.252050
 - 	176	12.275092	-2.548083	-8.079997
 - 	177	12.599283	-4.000703	-8.181869
 - 	178	12.672342	-4.741537	-7.728106
 - 	179	11.768353	-6.561488	-7.578243
 - 	180	11.305766	-8.432513	-11.515311
 - 	181	11.428873	-11.132915	-14.362980
 - 	182	10.385527	-13.034449	-17.703510
 - 	183	7.798790	-13.944131	-18.712997
 - 	184	4.454086	-13.686023	-18.855463
 - 	185	0.858832	-12.919836	-16.885340
 - 	186	-2.436168	-11.566738	-15.174918
 - 	187	-5.847940	-11.019991	-12.054279
 - 	188	-8.168831	-9.344907	-10.434659
 - 	189	-11.373494	-8.676456	-8.819248
 - 	190	-14.529513	-6.981697	-8.222515
 - 	191	-16.614283	-4.847109	-8.939826
 - 	192	-18.075754	-3.755172	-8.313847
 - 	193	-19.743557	-1.858777	-10.223439
 - 	194	-21.604923	-1.913053	-10.689047
 - 	195	-23.405436	1.240259	-12.796752
 - 	196	-23.423660	-1.084573	-10.285154
