LKneeAngle
File	Frame	X 	Y 	Z 
C:\Motion Data\1244\Processed\1244jb31.c3d	
 -	1	-8.559597	4.001952	-1.002170
 - 	2	-9.801016	3.988817	-2.371689
 - 	3	-8.784593	3.635778	-3.008841
 - 	4	-6.165196	3.560595	-3.338984
 - 	5	-4.607222	-0.232088	-9.359669
 - 	6	-4.688068	2.791893	-3.980258
 - 	7	-5.593907	3.549507	-5.383810
 - 	8	-4.233935	4.153293	-4.564981
 - 	9	-2.788132	3.957154	-5.381802
 - 	10	-0.021988	3.259220	-5.358664
 - 	11	1.084044	3.109296	-2.964866
 - 	12	0.899397	3.749978	-1.614248
 - 	13	0.312310	4.384507	-1.212828
 - 	14	-1.159117	4.525735	0.075574
 - 	15	-2.226375	5.165915	1.186779
 - 	16	-3.157877	4.973566	1.513623
 - 	17	-3.327001	5.113412	0.240210
 - 	18	-3.212116	4.830251	-0.276461
 - 	19	-2.952355	4.486285	-0.825096
 - 	20	-2.454188	4.382754	-0.569814
 - 	21	-2.633132	4.227138	1.757847
 - 	22	-2.149906	4.109646	2.151485
 - 	23	-2.087214	3.471432	3.525325
 - 	24	-1.782407	2.984541	2.183022
 - 	25	-1.051300	2.687983	2.376740
 - 	26	-0.708865	2.316525	2.756287
 - 	27	-0.468128	2.346767	2.568293
 - 	28	-0.247115	2.107267	3.664049
 - 	29	0.108511	1.831327	3.599456
 - 	30	0.662430	1.729703	3.136342
 - 	31	1.307292	1.905533	3.188652
 - 	32	1.758378	1.823656	3.429797
 - 	33	2.208042	1.809796	4.597928
 - 	34	2.883523	1.669832	4.708958
 - 	35	3.566084	1.766245	5.358746
 - 	36	3.939655	1.510701	6.088998
 - 	37	5.077244	1.686486	5.681149
 - 	38	5.573506	1.657933	6.317248
 - 	39	6.444205	1.414061	5.626708
 - 	40	7.550779	1.237225	5.724311
 - 	41	8.995461	0.926671	4.998558
 - 	42	10.604782	0.243453	3.385722
 - 	43	13.410931	-0.041565	0.938001
 - 	44	16.017532	-1.311320	-0.075069
 - 	45	19.353693	-2.710799	-0.100680
 - 	46	23.344948	-4.657145	-0.022616
 - 	47	28.966021	-6.745335	0.178829
 - 	48	34.841591	-8.325821	-0.571500
 - 	49	41.255325	-9.332028	-0.276823
 - 	50	47.248577	-11.053247	-1.090879
 - 	51	52.531918	-9.822432	-0.716129
 - 	52	56.104084	-10.688932	-1.759285
 - 	53	58.493404	-11.251473	-2.375055
 - 	54	59.804939	-12.253621	-1.643622
 - 	55	60.057655	-12.871038	-0.833450
 - 	56	59.465145	-13.795431	0.164845
 - 	57	57.821957	-14.258494	1.149409
 - 	58	55.434883	-14.490735	-0.029549
 - 	59	52.485538	-14.079307	-1.485337
 - 	60	49.134399	-13.343954	-2.637776
 - 	61	45.187199	-13.307944	-6.845604
 - 	62	40.078781	-11.967464	-8.595793
 - 	63	34.993969	-9.588990	-9.517603
 - 	64	29.135706	-7.441764	-8.656600
 - 	65	22.857735	-4.358966	-7.616925
 - 	66	17.096266	-2.186923	-7.246656
 - 	67	10.853875	-0.567555	-6.614566
 - 	68	5.192485	1.036653	-6.763312
 - 	69	-0.955731	2.125772	-6.497717
 - 	70	-6.067579	3.179889	-6.757864
 - 	71	-9.709762	4.287537	-4.677925
 - 	72	-10.620723	4.212966	-3.410231
 - 	73	-9.421507	3.274923	-5.016722
 - 	74	-7.342568	2.874869	-5.036712
 - 	75	-3.964581	3.477419	-5.900483
 - 	76	-1.569817	2.966797	-6.665616
 - 	77	-4.185323	3.014637	-3.962386
 - 	78	-6.297942	4.279035	-4.217064
 - 	79	-5.115677	4.863267	-4.870565
 - 	80	-4.127429	4.351266	-6.053485
 - 	81	-1.262733	4.307814	-6.354187
 - 	82	0.418578	3.865504	-3.593620
 - 	83	0.936095	4.483962	-1.487706
 - 	84	0.417534	5.302036	-0.065230
 - 	85	-0.518262	5.400208	-0.911791
 - 	86	-1.541039	5.923532	-0.282394
 - 	87	-2.860192	6.215051	0.114220
 - 	88	-2.847896	8.008625	-0.067114
 - 	89	-2.373952	7.459180	-1.801950
 - 	90	-2.004025	5.024251	-0.952240
 - 	91	-1.604440	4.773357	0.218832
 - 	92	-0.851215	4.628425	1.354478
 - 	93	-0.166111	3.704692	2.468182
 - 	94	0.589823	3.129499	1.867087
 - 	95	1.188293	2.749823	1.846749
 - 	96	1.420091	1.724509	2.855284
 - 	97	2.196112	1.778559	2.191495
 - 	98	2.713648	1.448142	3.355661
 - 	99	3.186768	1.203405	2.842974
 - 	100	3.954087	1.156397	2.634412
 - 	101	4.393172	0.728783	3.270124
 - 	102	4.865801	0.786286	3.657848
 - 	103	6.061730	1.167307	4.116391
 - 	104	6.458187	0.594952	4.447769
 - 	105	7.233034	0.311843	5.198054
 - 	106	8.074858	0.429167	4.912262
 - 	107	9.390229	0.592398	4.684727
 - 	108	10.275881	0.011674	5.254142
 - 	109	11.934970	-0.016431	4.261497
 - 	110	13.891316	-0.267976	3.195606
 - 	111	16.589626	-0.995578	1.365966
 - 	112	19.247419	-1.337252	0.107169
 - 	113	22.444780	-2.786238	-1.538549
 - 	114	26.726202	-5.485468	-3.835579
 - 	115	31.758245	-7.351782	-4.404239
 - 	116	37.087944	-9.445585	-2.785981
 - 	117	42.301853	-11.183112	-2.146382
 - 	118	47.709248	-13.131380	-1.287287
 - 	119	53.086441	-12.916302	1.076936
 - 	120	57.342766	-13.476418	0.394524
 - 	121	60.631256	-12.719388	0.596055
 - 	122	62.451904	-12.561707	0.746642
 - 	123	62.975460	-13.567299	1.313806
 - 	124	63.055817	-13.186884	0.592315
 - 	125	60.943695	-13.012506	0.910800
 - 	126	57.257000	-12.228117	-0.962911
 - 	127	54.335861	-12.751021	-2.818258
 - 	128	50.456795	-12.664266	-6.112867
 - 	129	45.988174	-11.566335	-7.864087
 - 	130	41.424267	-10.844648	-10.516559
 - 	131	35.814880	-9.752659	-11.611019
 - 	132	29.910023	-8.076640	-11.760598
 - 	133	24.703386	-4.612945	-10.081366
 - 	134	18.477411	-3.116940	-7.815167
 - 	135	12.758771	-1.113001	-6.640384
 - 	136	7.319891	0.369232	-6.607991
 - 	137	2.277998	1.385126	-6.557049
 - 	138	-2.531584	2.309072	-5.221052
 - 	139	-6.011076	3.227949	-3.533142
 - 	140	-7.396693	3.547500	-2.502380
 - 	141	-6.959964	3.624911	-2.899556
 - 	142	-5.374202	3.084619	-3.087676
 - 	143	-3.163360	2.576995	-3.650823
 - 	144	-1.521248	2.978963	-3.830305
 - 	145	-4.497375	3.136009	-1.154794
 - 	146	-4.739546	4.593758	-3.707697
 - 	147	-4.135846	4.156982	-3.536651
 - 	148	-2.651527	4.470270	-4.818141
 - 	149	-0.704711	3.772111	-2.617043
 - 	150	-0.488437	4.167933	-0.440377
 - 	151	-0.631182	4.457436	1.048717
 - 	152	-1.420395	5.112608	0.347179
 - 	153	-2.589948	5.925631	0.277434
 - 	154	-3.098447	5.859647	0.442176
 - 	155	-3.213573	5.428312	-0.253636
 - 	156	-2.744665	5.093318	-0.884946
 - 	157	-2.789719	5.572940	-0.439526
 - 	158	-1.699317	4.693502	-1.056959
 - 	159	-1.013612	4.048590	-0.275936
 - 	160	-0.686936	3.468178	2.366713
 - 	161	-0.221119	3.243650	1.662264
 - 	162	0.509069	2.837621	2.013170
 - 	163	1.398955	2.550515	2.233727
 - 	164	1.446716	1.784672	2.068901
 - 	165	1.704421	1.851084	2.838932
 - 	166	2.078730	1.719882	2.719642
 - 	167	2.545434	1.190489	2.910860
 - 	168	2.775686	1.169370	3.016523
 - 	169	3.516649	1.326606	3.403907
 - 	170	4.024233	1.144971	4.379609
 - 	171	5.029209	1.118115	4.562710
 - 	172	6.349762	0.915418	4.821642
 - 	173	7.350147	0.659171	5.141672
 - 	174	8.391032	0.885153	5.645882
 - 	175	9.760852	0.648765	5.870337
 - 	176	11.406159	0.261497	5.445544
 - 	177	13.553331	-0.026436	3.892211
 - 	178	15.965277	-0.317682	2.445776
 - 	179	18.857201	-0.982831	0.358536
 - 	180	21.706106	-2.187515	-0.098303
 - 	181	25.593929	-3.830037	-2.356231
 - 	182	30.078163	-7.334056	-3.719086
 - 	183	35.507374	-8.997004	-2.442811
 - 	184	41.060997	-11.264701	-1.673169
 - 	185	47.343285	-11.630428	-0.678078
 - 	186	52.404968	-12.848434	0.361654
 - 	187	57.206585	-12.752618	-0.185094
 - 	188	59.773521	-13.937292	0.121098
 - 	189	61.988270	-13.462054	-0.319186
 - 	190	63.054253	-13.386815	-0.055533
 - 	191	62.343155	-14.110723	0.240539
 - 	192	61.419434	-13.604299	-1.583743
 - 	193	58.919529	-13.699340	-1.539615
 - 	194	56.095135	-12.734315	-3.337982
 - 	195	52.438728	-12.216419	-5.469631
 - 	196	48.436371	-11.317612	-7.840494
