LShoulderAngle
File	Frame	X 	Y 	Z 
C:\Motion Data\1244\Processed\1244jb31.c3d	
 -	1	-10.436652	0.493302	-61.582127
 - 	2	-10.227082	0.477240	-61.562748
 - 	3	-9.420974	0.520716	-62.765144
 - 	4	-8.956820	0.216509	-62.801731
 - 	5	-8.113008	-0.441620	-64.001190
 - 	6	-7.564071	-0.961837	-63.940788
 - 	7	-7.187045	-1.243048	-64.620377
 - 	8	-7.172084	-1.435864	-65.227684
 - 	9	-6.808253	-1.617606	-67.361328
 - 	10	-7.250537	-1.713538	-67.081100
 - 	11	-7.331195	-1.472179	-68.694649
 - 	12	-7.801299	-1.121060	-69.874359
 - 	13	-8.551664	-0.947123	-69.328987
 - 	14	-9.111070	-0.448995	-69.834137
 - 	15	-9.752795	-0.831210	-68.559464
 - 	16	-10.817560	-0.547911	-68.052856
 - 	17	-11.932585	-0.008504	-68.278488
 - 	18	-13.707170	0.572520	-67.341736
 - 	19	-14.718633	1.175819	-67.890968
 - 	20	-15.876388	1.397545	-67.093758
 - 	21	-17.042713	2.195523	-67.774269
 - 	22	-17.694557	2.730421	-68.740318
 - 	23	-19.116102	3.289973	-67.025398
 - 	24	-19.992090	4.396108	-67.707863
 - 	25	-20.789709	5.253103	-67.603119
 - 	26	-21.601803	5.924897	-67.712494
 - 	27	-22.533432	6.274844	-67.315033
 - 	28	-22.870094	6.416453	-67.437965
 - 	29	-23.494436	7.104890	-67.538696
 - 	30	-23.626299	7.491379	-68.557816
 - 	31	-23.729073	8.250733	-69.068291
 - 	32	-23.857002	7.528412	-68.861557
 - 	33	-23.724640	8.225186	-69.542313
 - 	34	-24.086805	8.153619	-69.236320
 - 	35	-23.646326	8.259995	-69.670311
 - 	36	-22.839165	8.207948	-70.672218
 - 	37	-22.755686	8.964362	-70.536781
 - 	38	-21.659889	8.671387	-71.236473
 - 	39	-20.586563	8.581311	-72.230965
 - 	40	-19.468180	7.864315	-72.737854
 - 	41	-18.472567	7.028411	-73.033783
 - 	42	-17.425961	5.930238	-73.693970
 - 	43	-16.670078	4.709819	-73.315361
 - 	44	-15.890051	4.303540	-73.807060
 - 	45	-15.366182	3.352121	-73.384216
 - 	46	-14.865792	3.414463	-72.143196
 - 	47	-14.434616	2.789834	-69.611229
 - 	48	-13.541574	2.111410	-68.163712
 - 	49	-12.481493	1.484611	-67.575829
 - 	50	-12.230886	0.990588	-66.288208
 - 	51	-12.428470	-0.042503	-63.141857
 - 	52	-12.124719	-1.433389	-60.406467
 - 	53	-12.331876	-2.289432	-56.815189
 - 	54	-12.342349	-2.975430	-53.935360
 - 	55	-12.683399	-3.897032	-51.585880
 - 	56	-11.966004	-4.709806	-50.349705
 - 	57	-12.135680	-5.561698	-47.593773
 - 	58	-12.160361	-6.222159	-47.328537
 - 	59	-11.969004	-7.163347	-45.851772
 - 	60	-11.737199	-7.295264	-46.662331
 - 	61	-11.541611	-7.933049	-45.639080
 - 	62	-11.709784	-8.010483	-46.342392
 - 	63	-11.368642	-8.202457	-46.344971
 - 	64	-10.175569	-8.909851	-48.925159
 - 	65	-11.398458	-7.696490	-49.355442
 - 	66	-11.248228	-7.305151	-50.727257
 - 	67	-10.935847	-6.868786	-51.291943
 - 	68	-10.849302	-6.911028	-51.589832
 - 	69	-6.438634	-12.494365	-52.724880
 - 	70	-10.287134	-6.017996	-53.023968
 - 	71	-10.218566	-5.134439	-56.459473
 - 	72	-9.686869	-4.760811	-57.199490
 - 	73	-9.606518	-4.333675	-59.258278
 - 	74	-8.920444	-4.091417	-59.784702
 - 	75	-8.165045	-3.423199	-64.820412
 - 	76	-7.608856	-3.756299	-66.545067
 - 	77	-6.916862	-3.919325	-68.999893
 - 	78	-6.377286	-3.877113	-71.447144
 - 	79	-6.534532	-3.585613	-74.241730
 - 	80	-6.655256	-4.065591	-72.073204
 - 	81	-6.861297	-3.292031	-73.992233
 - 	82	-7.198963	-2.971684	-72.881050
 - 	83	-7.957494	-2.198579	-71.457726
 - 	84	-8.424718	-1.388209	-71.738091
 - 	85	-8.892975	-0.967747	-70.098038
 - 	86	-9.952637	-0.047678	-69.061371
 - 	87	-11.059888	0.642890	-66.802895
 - 	88	-10.781734	2.067753	-66.432846
 - 	89	-12.953210	2.241927	-66.359253
 - 	90	-14.383992	2.684256	-64.592506
 - 	91	-15.212247	3.420183	-65.325554
 - 	92	-16.539278	4.353864	-65.554062
 - 	93	-17.728838	5.747374	-65.330788
 - 	94	-18.792122	7.419226	-66.373520
 - 	95	-19.721039	7.612857	-64.978928
 - 	96	-19.688036	8.103906	-65.976456
 - 	97	-20.583719	8.714599	-65.811172
 - 	98	-21.446928	8.726397	-64.902237
 - 	99	-21.484982	9.369328	-65.668144
 - 	100	-21.928228	9.465693	-65.471268
 - 	101	-22.136961	9.409754	-65.610756
 - 	102	-22.494183	9.374626	-65.672615
 - 	103	-22.072161	10.014888	-66.789726
 - 	104	-22.325144	9.397104	-66.769974
 - 	105	-22.872791	10.455013	-66.571930
 - 	106	-22.451899	9.699082	-66.647552
 - 	107	-21.045389	9.503592	-67.486931
 - 	108	-21.136982	8.468955	-66.319595
 - 	109	-20.194901	8.251307	-66.827148
 - 	110	-19.145166	7.726203	-67.242340
 - 	111	-18.333193	6.922441	-66.812347
 - 	112	-17.842781	5.515251	-65.709480
 - 	113	-17.347126	4.823399	-64.970551
 - 	114	-15.982285	5.872754	-66.225647
 - 	115	-15.698167	5.303126	-64.727272
 - 	116	-15.416722	4.641999	-62.435982
 - 	117	-14.866016	4.046134	-61.821636
 - 	118	-15.105155	2.900269	-58.606956
 - 	119	-15.150065	2.016056	-56.264175
 - 	120	-15.372649	0.564610	-53.171162
 - 	121	-15.464141	-0.340509	-51.214558
 - 	122	-15.310469	-1.151870	-48.592289
 - 	123	-15.327592	-2.489748	-46.127724
 - 	124	-15.092007	-3.189022	-45.016689
 - 	125	-14.760824	-4.002287	-44.140720
 - 	126	-14.110045	-3.917678	-44.690392
 - 	127	-13.780031	-4.543561	-44.651134
 - 	128	-13.216525	-4.712030	-46.319862
 - 	129	-12.924716	-5.587606	-45.966564
 - 	130	-12.169011	-5.833048	-47.345272
 - 	131	-12.252701	-6.724760	-46.894577
 - 	132	-11.948856	-6.686568	-47.895149
 - 	133	-11.540082	-6.839509	-49.089779
 - 	134	-11.251337	-6.852349	-51.131752
 - 	135	-11.147330	-6.704182	-51.374249
 - 	136	-10.758747	-6.325145	-53.068954
 - 	137	-10.439612	-5.857544	-54.423157
 - 	138	-10.100276	-5.575610	-54.702816
 - 	139	-9.604148	-4.542503	-58.686012
 - 	140	-9.313217	-3.827176	-61.938854
 - 	141	-8.966192	-3.935019	-63.229992
 - 	142	-8.790213	-3.770046	-64.719208
 - 	143	-8.035270	-3.752652	-68.234222
 - 	144	-7.689429	-4.264521	-69.552269
 - 	145	-7.140475	-4.367599	-69.939156
 - 	146	-7.053392	-4.298896	-71.694168
 - 	147	-7.153274	-3.927346	-74.465294
 - 	148	-7.655093	-4.460817	-70.712524
 - 	149	-7.562698	-4.434793	-66.895905
 - 	150	-8.531419	-3.336946	-69.790154
 - 	151	-9.110286	-2.532774	-69.619057
 - 	152	-9.681760	-1.278374	-69.761597
 - 	153	-10.523293	-0.025168	-69.445625
 - 	154	-11.620730	0.915979	-68.207985
 - 	155	-12.633484	1.744412	-67.035355
 - 	156	-13.957954	3.028006	-65.746529
 - 	157	-14.476528	4.431494	-67.040482
 - 	158	-15.855789	5.361887	-66.468941
 - 	159	-17.231392	6.381983	-66.404228
 - 	160	-18.463659	7.242724	-66.061195
 - 	161	-19.430485	8.447013	-66.037872
 - 	162	-20.548632	9.347485	-65.553619
 - 	163	-21.899191	10.296082	-65.301712
 - 	164	-21.972185	11.019244	-66.126236
 - 	165	-22.785000	11.339165	-65.595345
 - 	166	-22.777960	12.273788	-67.027985
 - 	167	-24.472256	12.057275	-65.801674
 - 	168	-23.962185	12.212192	-66.533417
 - 	169	-24.182980	12.365010	-67.198151
 - 	170	-24.023239	12.667926	-67.664917
 - 	171	-24.952547	12.342906	-67.642494
 - 	172	-23.822403	12.317251	-68.482887
 - 	173	-23.629637	11.815094	-68.774872
 - 	174	-22.884863	11.699980	-69.390831
 - 	175	-23.272783	11.182646	-69.007431
 - 	176	-22.277987	11.496998	-70.108406
 - 	177	-21.612169	10.244206	-69.357033
 - 	178	-20.182394	9.792070	-70.208748
 - 	179	-19.451378	8.303321	-70.261421
 - 	180	-18.023855	8.185570	-70.674965
 - 	181	-16.658155	6.882964	-70.028076
 - 	182	-15.732571	5.594743	-68.875587
 - 	183	-15.127525	5.153846	-68.036552
 - 	184	-14.844893	4.994930	-66.611969
 - 	185	-15.105481	4.383469	-64.179955
 - 	186	-15.291957	4.381167	-62.650162
 - 	187	-15.614788	3.829122	-60.565125
 - 	188	-16.137844	2.240768	-56.650841
 - 	189	-16.303848	1.316182	-54.120789
 - 	190	-15.906913	0.440798	-52.418365
 - 	191	-15.722853	-0.687659	-50.075401
 - 	192	-15.627289	-2.243042	-46.653812
 - 	193	-14.644358	-3.244339	-45.620472
 - 	194	-13.771350	-3.717674	-46.156467
 - 	195	-13.092463	-4.187501	-46.187012
 - 	196	-12.851432	-5.884414	-43.727852
