Pelvis
File	Frame	X 	Y 	Z 
C:\Motion Data\1244\Processed\1244jb31.c3d	
 -	1	0.992774	7.821033	-96.172119
 - 	2	0.750832	7.693244	-96.795929
 - 	3	1.036003	7.178119	-97.071655
 - 	4	1.927085	7.439295	-97.618713
 - 	5	1.897905	6.803614	-98.261932
 - 	6	2.086828	6.368861	-98.133087
 - 	7	2.895867	5.775679	-97.414551
 - 	8	3.979507	5.380549	-96.717926
 - 	9	5.326369	4.409232	-96.409882
 - 	10	6.485648	4.248701	-95.940552
 - 	11	7.144565	3.630821	-95.330627
 - 	12	7.848003	4.033712	-95.101593
 - 	13	8.823654	4.109416	-95.279083
 - 	14	8.894708	3.946384	-95.616638
 - 	15	8.666464	3.046715	-96.569031
 - 	16	8.219217	3.218486	-96.559448
 - 	17	7.682264	3.443849	-96.434326
 - 	18	7.363685	3.882141	-95.183929
 - 	19	6.819864	4.000556	-94.266174
 - 	20	5.989914	4.390219	-92.965698
 - 	21	5.372921	4.662630	-91.894226
 - 	22	4.782348	5.217110	-91.036469
 - 	23	4.373309	5.036812	-89.748993
 - 	24	3.571856	5.070258	-88.638290
 - 	25	3.131026	5.685284	-87.460709
 - 	26	2.757035	5.382321	-86.341682
 - 	27	2.572200	5.713649	-85.271553
 - 	28	2.235441	5.863433	-84.525894
 - 	29	2.389345	6.055845	-83.676903
 - 	30	2.461608	6.304216	-83.169044
 - 	31	2.916384	6.700754	-82.630524
 - 	32	3.190032	7.089233	-82.095726
 - 	33	3.559203	7.268870	-81.570137
 - 	34	3.914368	8.251819	-81.060600
 - 	35	4.457448	8.185994	-80.714134
 - 	36	4.722763	8.123025	-80.534218
 - 	37	4.804212	9.043468	-80.319298
 - 	38	4.936497	8.447450	-80.428047
 - 	39	4.364228	8.336553	-80.406113
 - 	40	3.429664	8.021523	-80.454041
 - 	41	2.237914	7.306708	-79.908195
 - 	42	0.971312	6.776364	-79.265785
 - 	43	-0.198567	6.410146	-78.289017
 - 	44	-1.215233	6.932664	-77.087784
 - 	45	-2.008452	6.819754	-76.642120
 - 	46	-3.232114	6.265485	-77.412132
 - 	47	-4.564644	6.039172	-78.682617
 - 	48	-5.976939	4.919209	-80.135506
 - 	49	-6.835027	3.374073	-81.780472
 - 	50	-7.441503	3.445446	-82.436981
 - 	51	-7.403427	2.530972	-82.996742
 - 	52	-6.564773	1.722688	-82.966980
 - 	53	-6.144724	1.676787	-83.418404
 - 	54	-6.101559	2.600075	-83.812965
 - 	55	-5.447371	2.543379	-84.230141
 - 	56	-4.676982	2.029123	-85.702896
 - 	57	-4.111938	2.339332	-86.809235
 - 	58	-3.710254	2.819835	-87.623146
 - 	59	-2.552499	2.670540	-88.838364
 - 	60	-2.326758	2.674825	-89.772720
 - 	61	-1.910313	2.722492	-90.859131
 - 	62	-1.376467	2.603132	-91.852234
 - 	63	-1.052842	2.611619	-92.503876
 - 	64	-0.907636	1.036423	-93.932495
 - 	65	-0.534533	3.167074	-93.880402
 - 	66	-0.580136	2.937541	-94.761414
 - 	67	0.048698	3.323505	-95.526398
 - 	68	-0.471388	3.010984	-96.736084
 - 	69	-1.362735	-8.086062	-98.362000
 - 	70	0.097279	3.546928	-97.486206
 - 	71	0.143554	3.802963	-98.415161
 - 	72	0.383923	2.910131	-98.769623
 - 	73	0.444097	3.510966	-99.480469
 - 	74	0.769067	3.198698	-99.669586
 - 	75	1.160392	2.628502	-100.282654
 - 	76	1.779463	2.028736	-100.859070
 - 	77	2.124830	2.026086	-101.343262
 - 	78	3.010720	1.637856	-101.009155
 - 	79	4.214956	1.424363	-100.271576
 - 	80	4.744122	0.440372	-99.875397
 - 	81	6.116064	0.469036	-99.115936
 - 	82	6.809351	0.552655	-99.377594
 - 	83	8.270799	0.871136	-98.448456
 - 	84	8.811327	0.541431	-98.439362
 - 	85	9.032376	-0.026365	-98.967438
 - 	86	9.191664	-0.062039	-99.266663
 - 	87	8.790257	-0.123968	-99.468506
 - 	88	7.578578	-3.764372	-101.475830
 - 	89	7.655549	0.240052	-98.953674
 - 	90	7.267219	1.008857	-97.808868
 - 	91	6.644403	1.416979	-96.539154
 - 	92	6.056099	1.986624	-94.707947
 - 	93	5.232837	2.499990	-93.126068
 - 	94	4.380293	3.350668	-91.411530
 - 	95	3.999121	3.628122	-90.222931
 - 	96	3.202453	2.796584	-89.450348
 - 	97	2.552812	3.068645	-88.658707
 - 	98	1.909266	3.287905	-87.985397
 - 	99	1.234039	3.636143	-87.421844
 - 	100	0.995711	3.916684	-86.611580
 - 	101	1.063919	3.830180	-85.982628
 - 	102	1.020101	4.046271	-85.268898
 - 	103	1.079877	3.888446	-84.749619
 - 	104	1.170349	4.369609	-83.745117
 - 	105	1.062643	5.949630	-83.456505
 - 	106	0.895161	5.683612	-83.436935
 - 	107	0.995733	5.042734	-83.482994
 - 	108	0.566647	5.344409	-83.234245
 - 	109	0.009717	5.392039	-83.009979
 - 	110	-0.809072	4.999551	-82.891518
 - 	111	-1.658481	4.828649	-82.823868
 - 	112	-2.526864	4.603816	-82.725410
 - 	113	-3.679809	4.506190	-82.727081
 - 	114	-4.968044	5.903141	-83.466011
 - 	115	-5.776388	4.046202	-84.248947
 - 	116	-6.131738	4.123998	-84.883308
 - 	117	-6.569418	4.660812	-85.017242
 - 	118	-7.004195	3.654927	-84.981323
 - 	119	-7.736049	3.550552	-85.084190
 - 	120	-7.753381	3.432751	-84.751556
 - 	121	-7.190357	3.116554	-84.458961
 - 	122	-6.500500	3.133890	-85.022476
 - 	123	-5.929389	3.797559	-85.567604
 - 	124	-5.179516	3.969203	-86.640015
 - 	125	-4.620256	4.448358	-88.199738
 - 	126	-3.783376	4.502162	-89.564339
 - 	127	-3.063470	3.633656	-91.274261
 - 	128	-2.280714	3.887572	-92.395233
 - 	129	-1.670030	3.609892	-93.498779
 - 	130	-0.859933	3.716586	-94.432495
 - 	131	-0.196827	3.704848	-95.065460
 - 	132	0.264366	4.196323	-95.465271
 - 	133	0.310735	4.219812	-96.633972
 - 	134	0.605416	4.268362	-96.980042
 - 	135	0.730759	4.249854	-97.425446
 - 	136	0.486258	4.503347	-98.073853
 - 	137	0.393100	4.318509	-98.508240
 - 	138	0.104509	4.599563	-99.118439
 - 	139	0.359668	4.381187	-99.427185
 - 	140	0.339583	4.579895	-99.730591
 - 	141	0.437239	4.468466	-99.769897
 - 	142	0.808770	4.195982	-99.643463
 - 	143	1.097012	3.869056	-99.937378
 - 	144	1.401610	3.176015	-100.451813
 - 	145	2.173444	3.126768	-100.324768
 - 	146	3.445393	2.785009	-100.094421
 - 	147	4.344784	2.458875	-99.498566
 - 	148	5.303952	2.090936	-99.034119
 - 	149	6.453649	1.706715	-98.042877
 - 	150	7.992101	2.172517	-98.156677
 - 	151	8.102034	1.614503	-98.101624
 - 	152	8.760963	1.241890	-98.333862
 - 	153	8.472372	1.112711	-98.733032
 - 	154	8.517171	0.549529	-99.278778
 - 	155	7.945918	1.080988	-99.304382
 - 	156	7.578280	0.998006	-98.739014
 - 	157	6.647205	1.728560	-97.884247
 - 	158	6.274871	2.484193	-96.762970
 - 	159	5.768910	2.563600	-94.832397
 - 	160	5.057354	2.702360	-93.294098
 - 	161	4.583934	2.885894	-91.924469
 - 	162	3.782771	2.836730	-90.704163
 - 	163	2.777690	3.506330	-89.091515
 - 	164	2.500164	3.232137	-88.692390
 - 	165	2.067561	3.189227	-88.028801
 - 	166	1.170356	3.752960	-87.242455
 - 	167	0.960120	4.465285	-85.614967
 - 	168	0.741060	4.273229	-85.758545
 - 	169	0.843778	4.497563	-84.850258
 - 	170	0.780106	4.845544	-83.930267
 - 	171	0.483937	5.511952	-82.395500
 - 	172	0.446463	5.210809	-82.228973
 - 	173	0.867825	5.442051	-81.442780
 - 	174	0.847362	5.242568	-81.126839
 - 	175	0.693347	6.204875	-79.856903
 - 	176	0.178425	6.234458	-80.426315
 - 	177	-0.514443	5.944614	-80.415382
 - 	178	-0.896399	5.884566	-80.311760
 - 	179	-1.775942	6.192696	-79.497734
 - 	180	-2.670239	5.834330	-81.300758
 - 	181	-3.841935	3.790783	-83.227318
 - 	182	-4.739264	2.420545	-84.516777
 - 	183	-5.800542	1.894484	-85.035446
 - 	184	-6.226164	2.203690	-85.190788
 - 	185	-6.714148	2.522420	-84.878456
 - 	186	-6.771561	2.833457	-84.569885
 - 	187	-6.893449	2.451010	-84.210197
 - 	188	-6.394836	1.892035	-84.123741
 - 	189	-6.046659	1.830616	-84.239418
 - 	190	-5.260160	2.226193	-84.649139
 - 	191	-4.307688	2.386342	-85.752449
 - 	192	-3.324590	1.903574	-87.127174
 - 	193	-2.381876	2.178694	-89.257172
 - 	194	-2.199602	2.443113	-90.980194
 - 	195	0.826076	3.595519	-94.424988
 - 	196	-1.055224	2.194915	-93.920258
