 -2.0403117e+000  5.2123265e-003  8.0620100e-001
 -2.0184267e+000  3.8383265e-003  8.0521800e-001
 -1.9944967e+000  6.0633265e-003  8.0466700e-001
 -1.9716167e+000  7.8213265e-003  8.0343900e-001
 -1.9458177e+000  6.6043265e-003  8.0412300e-001
 -1.9196427e+000  7.7293265e-003  8.0643300e-001
 -1.8923947e+000  1.1480327e-002  8.1028700e-001
 -1.8669927e+000  1.4212327e-002  8.1465800e-001
 -1.8413947e+000  1.7574327e-002  8.1894500e-001
 -1.8186507e+000  2.1244327e-002  8.2252800e-001
 -1.7956597e+000  2.3841327e-002  8.2629100e-001
 -1.7768327e+000  2.7090327e-002  8.2798100e-001
 -1.7577047e+000  2.9795327e-002  8.2941100e-001
 -1.7388037e+000  3.0390327e-002  8.3159900e-001
 -1.7190417e+000  2.9755327e-002  8.3329800e-001
 -1.7008387e+000  3.0216327e-002  8.3515400e-001
 -1.6838877e+000  3.1113327e-002  8.3710200e-001
 -1.6685167e+000  3.3255327e-002  8.3825700e-001
 -1.6506977e+000  3.5173327e-002  8.3989500e-001
 -1.6332127e+000  3.7535327e-002  8.4118600e-001
 -1.6164077e+000  3.9363327e-002  8.4230300e-001
 -1.5976857e+000  4.0763327e-002  8.4280300e-001
 -1.5813817e+000  4.2892327e-002  8.4271800e-001
 -1.5643347e+000  4.4582327e-002  8.4296300e-001
 -1.5475577e+000  4.5986327e-002  8.4277200e-001
 -1.5302517e+000  4.8473327e-002  8.4242000e-001
 -1.5131847e+000  5.0322327e-002  8.4131300e-001
 -1.4949667e+000  5.1381327e-002  8.4022200e-001
 -1.4771007e+000  5.2892327e-002  8.3802700e-001
 -1.4589487e+000  5.3343327e-002  8.3559100e-001
 -1.4410087e+000  5.4350327e-002  8.3246300e-001
 -1.4209217e+000  5.4837327e-002  8.2924500e-001
 -1.4011177e+000  5.5659327e-002  8.2595800e-001
 -1.3818667e+000  5.5261327e-002  8.2250400e-001
 -1.3605197e+000  5.5195327e-002  8.1868400e-001
 -1.3385257e+000  5.4422327e-002  8.1539700e-001
 -1.3187877e+000  5.3113327e-002  8.1273800e-001
 -1.2948067e+000  5.1812327e-002  8.0982300e-001
 -1.2710777e+000  4.9764327e-002  8.0835400e-001
 -1.2456227e+000  4.7357327e-002  8.0784700e-001
 -1.2188617e+000  4.4436327e-002  8.0781700e-001
 -1.1908237e+000  4.1524327e-002  8.0821700e-001
 -1.1625237e+000  3.8943327e-002  8.0858400e-001
 -1.1355117e+000  3.6211327e-002  8.0903300e-001
 -1.1068757e+000  3.2584327e-002  8.0940300e-001
 -1.0800957e+000  2.7913327e-002  8.1147700e-001
 -1.0545557e+000  2.2902327e-002  8.1397900e-001
 -1.0301157e+000  1.8121327e-002  8.1668600e-001
 -1.0055557e+000  1.4684327e-002  8.1908200e-001
 -9.8617374e-001  1.1332327e-002  8.2183800e-001
 -9.6522774e-001  8.5143265e-003  8.2457900e-001
 -9.4404074e-001  9.1633265e-003  8.2757100e-001
 -9.2554574e-001  7.0363265e-003  8.3014700e-001
 -9.0856274e-001  4.1703265e-003  8.3291100e-001
 -8.9066274e-001  2.1293265e-003  8.3507600e-001
 -8.7052974e-001  4.9032653e-004  8.3690600e-001
 -8.5307074e-001 -2.2776735e-003  8.3823800e-001
 -8.3544974e-001 -5.0576735e-003  8.3823500e-001
 -8.1744274e-001 -6.0056735e-003  8.3938400e-001
 -7.9930074e-001 -7.5026735e-003  8.3910700e-001
 -7.8098674e-001 -9.5646735e-003  8.3841100e-001
 -7.6287174e-001 -1.0756673e-002  8.3733100e-001
 -7.4298974e-001 -1.1710673e-002  8.3662000e-001
 -7.1906174e-001 -1.3507673e-002  8.3375500e-001
 -7.0607074e-001 -1.4888673e-002  8.3240500e-001
 -6.8590674e-001 -1.5853673e-002  8.2982700e-001
 -6.6607274e-001 -1.5347673e-002  8.2751300e-001
 -6.4494374e-001 -1.8558673e-002  8.2405000e-001
 -5.9694674e-001 -2.0234673e-002  8.2396000e-001
 -6.0391574e-001 -1.8579673e-002  8.1822500e-001
 -5.8245074e-001 -2.0229673e-002  8.1492500e-001
 -5.5881474e-001 -1.8954673e-002  8.1424100e-001
 -5.3672774e-001 -2.0545673e-002  8.1188000e-001
 -5.1235674e-001 -1.8717673e-002  8.1192200e-001
 -4.8635274e-001 -1.7956673e-002  8.1253700e-001
 -4.5898274e-001 -1.6844673e-002  8.1373200e-001
 -4.3190074e-001 -1.7191673e-002  8.1453500e-001
 -4.0487474e-001 -1.5385673e-002  8.1840900e-001
 -3.7917274e-001 -1.3967673e-002  8.2275000e-001
 -3.5271774e-001 -1.1671673e-002  8.2680200e-001
 -3.3030274e-001 -8.1656735e-003  8.2937500e-001
 -3.0786974e-001 -6.4916735e-003  8.2960800e-001
 -2.8717174e-001 -2.8706735e-003  8.3093900e-001
 -2.6703074e-001  9.2326531e-005  8.3196000e-001
 -2.4674574e-001 -8.3167347e-004  8.3254300e-001
 -2.2840274e-001 -8.4467347e-004  8.3402300e-001
 -2.0978574e-001 -6.1667347e-004  8.3482500e-001
 -1.8807774e-001  1.4783265e-003  8.3679400e-001
 -1.7238074e-001  1.2053265e-003  8.3774400e-001
 -1.5488374e-001  3.9993265e-003  8.3865400e-001
 -1.3689174e-001  5.3153265e-003  8.4004800e-001
 -1.1944474e-001  8.1943265e-003  8.4099500e-001
 -1.0381674e-001  1.0041327e-002  8.4196300e-001
 -8.8044745e-002  1.2315327e-002  8.4303100e-001
 -7.0107745e-002  1.4615327e-002  8.4335100e-001
 -4.9319745e-002  1.5272327e-002  8.4299100e-001
 -3.2003745e-002  1.4252327e-002  8.4155900e-001
 -1.3662745e-002  1.3690327e-002  8.3954800e-001
  4.8082551e-003  1.2763327e-002  8.3722700e-001
  2.3916255e-002  1.3487327e-002  8.3413400e-001
  4.3845255e-002  1.4034327e-002  8.3065400e-001
  6.3517255e-002  1.3849327e-002  8.2741000e-001
  8.3977255e-002  1.3821327e-002  8.2416000e-001
  1.0514926e-001  1.2962327e-002  8.2099900e-001
  1.2261026e-001  1.1714327e-002  8.1869200e-001
  1.4620626e-001  1.1331327e-002  8.1638300e-001
  1.7194126e-001  1.0695327e-002  8.1401200e-001
  1.9548526e-001  8.4093265e-003  8.1309800e-001
  2.2034326e-001  6.1433265e-003  8.1281800e-001
  2.4673826e-001  4.3543265e-003  8.1353400e-001
  2.7354126e-001  2.3533265e-003  8.1508500e-001
  3.0054626e-001 -5.0567347e-004  8.1719100e-001
  3.2648426e-001 -3.9416735e-003  8.2026800e-001
  3.4832426e-001 -7.6746735e-003  8.2385600e-001
  3.7371526e-001 -1.0913673e-002  8.2665200e-001
  3.9579926e-001 -1.3227673e-002  8.2816400e-001
  4.1598126e-001 -1.5242673e-002  8.2965900e-001
  4.3578826e-001 -1.7078673e-002  8.3080500e-001
  4.5488526e-001 -1.9232673e-002  8.3159700e-001
  4.7335626e-001 -1.9815673e-002  8.3325200e-001
  4.9139826e-001 -2.0037673e-002  8.3553100e-001
  5.0874626e-001 -2.1358673e-002  8.3762300e-001
  5.2590426e-001 -2.2716673e-002  8.3880400e-001
  5.4315226e-001 -2.6220673e-002  8.4037600e-001
  5.6019926e-001 -2.9092673e-002  8.4128700e-001
  5.7771526e-001 -3.0371673e-002  8.4329200e-001
  5.9510026e-001 -3.2674673e-002  8.4447300e-001
  6.1320526e-001 -3.4527673e-002  8.4520600e-001
  6.3107626e-001 -3.6038673e-002  8.4539300e-001
  6.4952426e-001 -3.4718673e-002  8.4476000e-001
  6.6729926e-001 -3.5651673e-002  8.4355100e-001
  6.8571526e-001 -3.4105673e-002  8.4212500e-001
  7.0397026e-001 -3.5591673e-002  8.3984800e-001
  7.2369026e-001 -3.4841673e-002  8.3722500e-001
  7.4250226e-001 -3.4886673e-002  8.3435500e-001
  7.6240926e-001 -3.5131673e-002  8.3163900e-001
  7.8290226e-001 -3.5429673e-002  8.2939300e-001
  8.0344826e-001 -3.5647673e-002  8.2679700e-001
  8.2556626e-001 -3.4762673e-002  8.2522500e-001
  8.4766426e-001 -3.5328673e-002  8.2385800e-001
  8.7104626e-001 -3.4993673e-002  8.2289700e-001
  8.9562526e-001 -3.3120673e-002  8.2324500e-001
  9.2115826e-001 -3.1753673e-002  8.2346100e-001
  9.4813126e-001 -3.2026673e-002  8.2449900e-001
  9.7471726e-001 -2.9541673e-002  8.2592000e-001
  1.0012663e+000 -2.8236673e-002  8.2866000e-001
  1.0268843e+000 -2.5570673e-002  8.3214300e-001
  1.0514483e+000 -2.2206673e-002  8.3434500e-001
  1.0747623e+000 -1.8036673e-002  8.3569500e-001
  1.0952113e+000 -1.4966673e-002  8.3590900e-001
  1.1158383e+000 -1.3361673e-002  8.3828000e-001
  1.1348713e+000 -1.2314673e-002  8.3956400e-001
  1.1533663e+000 -1.2428673e-002  8.4101900e-001
  1.1716813e+000 -1.2414673e-002  8.4260800e-001
  1.1895583e+000 -1.2758673e-002  8.4445400e-001
  1.2071183e+000 -9.9476735e-003  8.4571000e-001
  1.2244613e+000 -8.2326735e-003  8.4651900e-001
  1.2414043e+000 -5.7826735e-003  8.4786400e-001
  1.2586503e+000 -1.8006735e-003  8.4885900e-001
  1.2763623e+000  6.2532653e-004  8.5007700e-001
  1.2928913e+000  1.9283265e-003  8.5071600e-001
  1.3107413e+000  3.5603265e-003  8.5119700e-001
  1.3266533e+000  4.1673265e-003  8.5015500e-001
  1.3457393e+000  5.3513265e-003  8.4955000e-001
  1.3642793e+000  5.8473265e-003  8.4807200e-001
  1.3822733e+000  4.6573265e-003  8.4556000e-001
  1.3991583e+000  4.6103265e-003  8.4324400e-001
  1.4194833e+000  4.0753265e-003  8.4031900e-001
  1.4386063e+000  4.2013265e-003  8.3734400e-001
  1.4578723e+000  4.2043265e-003  8.3474100e-001
  1.4765343e+000  3.7673265e-003  8.3228000e-001
  1.4992873e+000  4.6133265e-003  8.2974600e-001
  1.5208663e+000  5.5333265e-003  8.2760800e-001
  1.5440573e+000  5.2963265e-003  8.2619200e-001
  1.5644563e+000  1.3833265e-003  8.2542100e-001
  1.5879723e+000 -1.4046735e-003  8.2495900e-001
  1.6137153e+000 -4.0816735e-003  8.2528200e-001
  1.6397783e+000 -5.6936735e-003  8.2506900e-001
  1.6658463e+000 -7.2546735e-003  8.2645700e-001
  1.6930873e+000 -1.2913673e-002  8.2898200e-001
  1.7225033e+000 -1.8015673e-002  8.3149700e-001
  1.7482563e+000 -2.1619673e-002  8.3331700e-001
  1.7704273e+000 -2.4522673e-002  8.3514300e-001
  1.7893213e+000 -2.6840673e-002  8.3601200e-001
  1.8066063e+000 -2.7944673e-002  8.3741500e-001
  1.8232743e+000 -2.9217673e-002  8.3848700e-001
  1.8407723e+000 -2.9939673e-002  8.4056200e-001
  1.8586413e+000 -3.0568673e-002  8.4214800e-001
  1.8761473e+000 -3.1658673e-002  8.4448400e-001
  1.8933353e+000 -3.2227673e-002  8.4643700e-001
  1.9107763e+000 -3.5256673e-002  8.4790400e-001
  1.9280863e+000 -3.7411673e-002  8.4906100e-001
  1.9454963e+000 -4.0935673e-002  8.4971900e-001
  1.9623683e+000 -4.5221673e-002  8.5048200e-001
  1.9750033e+000 -5.1450673e-002  8.4717300e-001
  1.9959823e+000 -5.0512673e-002  8.5211500e-001
