RAnkleAngle
File	Frame	X 	Y 	Z 
C:\Motion Data\1244\Processed\1244jb31.c3d	
 -	1	-94.447357	-9.979181	-9.805475
 - 	2	-94.470001	-12.007532	-11.201735
 - 	3	-93.565796	-13.296839	-11.663753
 - 	4	-91.687134	-12.993088	-13.214154
 - 	5	-89.718147	-11.504991	-13.360858
 - 	6	-87.362106	-13.749726	-14.851771
 - 	7	-83.958176	-11.721961	-15.558350
 - 	8	-79.954857	-15.783773	-15.594356
 - 	9	-73.673332	-16.942579	-16.637863
 - 	10	-66.652039	-19.148993	-17.624125
 - 	11	-62.577682	-18.770424	-19.390066
 - 	12	-58.873280	-17.773769	-18.580391
 - 	13	-58.337158	-17.037153	-18.204813
 - 	14	-60.377533	-15.238337	-15.654366
 - 	15	-62.072376	-14.438779	-14.582129
 - 	16	-63.794178	-12.910292	-16.432148
 - 	17	-66.461639	-12.507884	-17.537750
 - 	18	-69.064987	-11.955355	-17.980373
 - 	19	-72.558090	-12.061425	-17.720869
 - 	20	-75.211548	-11.298913	-15.797235
 - 	21	-77.788422	-12.042350	-15.546991
 - 	22	-80.461227	-11.613347	-15.924092
 - 	23	-83.057678	-11.157293	-14.736555
 - 	24	-85.228088	-10.841142	-14.121842
 - 	25	-86.779305	-10.748688	-13.632770
 - 	26	-88.024635	-11.636714	-12.353734
 - 	27	-89.258492	-12.760026	-12.136338
 - 	28	-90.071320	-12.608296	-10.045249
 - 	29	-90.487000	-12.014571	-8.591661
 - 	30	-91.050720	-13.381638	-7.894184
 - 	31	-91.061066	-13.316297	-7.111033
 - 	32	-90.455444	-13.167041	-8.255543
 - 	33	-88.908363	-12.656202	-9.258206
 - 	34	-87.483162	-12.661098	-9.217880
 - 	35	-86.776512	-13.455364	-7.191958
 - 	36	-86.335365	-13.880397	-7.526329
 - 	37	-86.219902	-14.613246	-6.545374
 - 	38	-86.786430	-14.085175	-6.097869
 - 	39	-87.752144	-14.915030	-5.220699
 - 	40	-88.210854	-14.333101	-4.494794
 - 	41	-88.412918	-13.605102	-3.990437
 - 	42	-88.385048	-13.141884	-5.704077
 - 	43	-87.864571	-13.523804	-7.101892
 - 	44	-79.961945	-13.616975	-5.063232
 - 	45	-76.954216	-12.277712	-5.466401
 - 	46	-77.028755	-10.180689	-0.046226
 - 	47	-76.243340	-10.173843	1.136580
 - 	48	-76.239532	-10.841923	0.303729
 - 	49	-76.873734	-12.405297	-1.781204
 - 	50	-78.302452	-11.994296	-3.722130
 - 	51	-78.920937	-11.499969	-0.222834
 - 	52	-79.948517	-12.211937	1.595078
 - 	53	-81.005692	-11.844818	1.676135
 - 	54	-81.663956	-12.115124	-0.946226
 - 	55	-82.456001	-11.381677	-4.049275
 - 	56	-82.963211	-11.439808	-5.699135
 - 	57	-83.616844	-10.796321	-5.861198
 - 	58	-84.581627	-10.283478	-4.013435
 - 	59	-85.516075	-10.812033	-2.793100
 - 	60	-86.233086	-9.379027	-2.528966
 - 	61	-87.195374	-9.265336	-4.677166
 - 	62	-87.876984	-8.100669	-5.892544
 - 	63	-88.998489	-9.443613	-6.919525
 - 	64	-89.920868	-8.637775	-7.405495
 - 	65	-90.912140	-8.377596	-7.536227
 - 	66	-92.015106	-9.037164	-7.925216
 - 	67	-92.838226	-8.537501	-8.648898
 - 	68	-94.030212	-9.365566	-9.484821
 - 	69	-94.823486	-9.378370	-9.561219
 - 	70	-95.237793	-9.738602	-10.450323
 - 	71	-95.339844	-10.120912	-11.694408
 - 	72	-95.393372	-10.261988	-12.777468
 - 	73	-94.606598	-11.101512	-13.842752
 - 	74	-93.782227	-11.619994	-13.904697
 - 	75	-92.233368	-12.019693	-15.339915
 - 	76	-89.774452	-12.198993	-15.667569
 - 	77	-87.538757	-13.895954	-17.869204
 - 	78	-82.981079	-13.761735	-18.058355
 - 	79	-78.078575	-14.843409	-19.084768
 - 	80	-70.576653	-17.828833	-18.667280
 - 	81	-64.206207	-19.887625	-20.580784
 - 	82	-60.211540	-18.574083	-20.722158
 - 	83	-58.286682	-18.983950	-19.739891
 - 	84	-59.121662	-16.232649	-19.345984
 - 	85	-61.356853	-15.188231	-17.355284
 - 	86	-62.632843	-12.974729	-15.882104
 - 	87	-65.394485	-12.840602	-17.127817
 - 	88	-68.443359	-12.875742	-16.818068
 - 	89	-71.380859	-11.261277	-18.381689
 - 	90	-74.692780	-10.903023	-18.075911
 - 	91	-77.786766	-10.845268	-14.714561
 - 	92	-80.688545	-9.874626	-14.639443
 - 	93	-83.428185	-10.743123	-11.620888
 - 	94	-85.725433	-9.961289	-11.754674
 - 	95	-87.348190	-9.981828	-13.216496
 - 	96	-88.997314	-11.139870	-11.502283
 - 	97	-90.034271	-11.052873	-11.619523
 - 	98	-90.725769	-11.772914	-11.937858
 - 	99	-91.483978	-11.240943	-9.691568
 - 	100	-91.817688	-13.226349	-7.702151
 - 	101	-91.515289	-12.734733	-6.920628
 - 	102	-90.983154	-13.067440	-6.777037
 - 	103	-90.117035	-12.650340	-7.335579
 - 	104	-88.855339	-13.435068	-7.734496
 - 	105	-87.621170	-13.045423	-6.428393
 - 	106	-86.680168	-12.930793	-4.622956
 - 	107	-86.961914	-11.721547	-5.019927
 - 	108	-86.402992	-13.480212	-5.860027
 - 	109	-86.882721	-13.478532	-5.371396
 - 	110	-87.269638	-13.183093	-5.094516
 - 	111	-81.258545	-12.627865	-0.977061
 - 	112	-77.354034	-13.620324	-1.219462
 - 	113	-77.229996	-11.082352	-0.207501
 - 	114	-75.445633	-12.673487	0.966746
 - 	115	-75.634842	-12.869996	2.023304
 - 	116	-75.723305	-13.260015	2.855437
 - 	117	-77.064407	-12.692514	0.900915
 - 	118	-77.786133	-11.958736	1.389488
 - 	119	-78.539803	-11.855035	2.846341
 - 	120	-79.412025	-11.541244	1.693828
 - 	121	-79.663246	-10.162084	-1.088431
 - 	122	-80.616341	-10.284049	-2.440502
 - 	123	-81.887558	-10.095599	-5.028777
 - 	124	-82.878006	-9.551614	-5.291204
 - 	125	-84.236420	-9.574808	-3.863747
 - 	126	-85.092758	-9.148212	-5.141046
 - 	127	-85.758453	-8.894576	-5.609868
 - 	128	-86.575203	-8.651629	-6.558813
 - 	129	-87.305649	-9.675853	-8.175994
 - 	130	-88.522896	-8.929892	-8.169662
 - 	131	-89.138382	-8.385164	-8.149302
 - 	132	-90.062561	-8.859818	-8.910564
 - 	133	-91.110107	-9.056931	-9.468588
 - 	134	-91.339691	-9.572920	-8.772841
 - 	135	-92.116577	-9.819597	-9.243802
 - 	136	-92.852570	-11.583864	-9.869850
 - 	137	-92.948547	-10.401472	-9.448539
 - 	138	-93.067657	-10.386743	-12.749361
 - 	139	-93.193024	-11.076729	-11.990294
 - 	140	-92.817993	-11.234801	-13.450526
 - 	141	-91.638519	-11.110008	-12.216149
 - 	142	-90.430695	-10.968179	-11.716548
 - 	143	-88.660309	-11.866466	-14.353272
 - 	144	-86.686485	-13.056929	-15.005482
 - 	145	-83.336967	-12.971225	-16.748196
 - 	146	-79.236542	-13.968773	-17.124086
 - 	147	-73.551079	-15.319997	-17.503889
 - 	148	-66.545868	-18.140148	-18.383343
 - 	149	-62.107117	-18.826838	-20.989017
 - 	150	-57.625870	-18.101013	-20.204247
 - 	151	-56.323380	-18.427540	-17.171576
 - 	152	-58.130615	-15.717275	-14.549864
 - 	153	-61.527882	-13.533430	-13.771310
 - 	154	-63.521389	-12.408489	-16.481779
 - 	155	-66.188866	-11.514498	-16.841179
 - 	156	-68.956932	-11.410919	-16.206652
 - 	157	-71.781830	-10.940237	-16.984583
 - 	158	-74.809547	-9.781482	-16.494793
 - 	159	-77.475883	-10.169168	-15.438031
 - 	160	-80.270027	-10.033069	-14.380896
 - 	161	-82.750534	-10.460666	-13.834983
 - 	162	-84.929466	-10.797433	-12.731716
 - 	163	-87.168282	-10.378585	-10.499639
 - 	164	-88.083778	-11.302658	-12.160537
 - 	165	-89.618965	-13.774806	-11.413469
 - 	166	-90.304535	-12.317592	-10.370909
 - 	167	-90.524506	-12.075068	-9.428289
 - 	168	-90.829926	-11.944521	-7.592201
 - 	169	-90.860260	-13.124051	-8.772402
 - 	170	-92.316956	-5.240053	-10.414042
 - 	171	-93.796112	-6.322880	-9.974304
 - 	172	-95.208679	-6.439534	-12.102734
 - 	173	103.001930	8.204168	148.812256		
 - 	174	103.001930	8.204168	148.812256
 - 	175	103.582993	6.549383	147.576431
 - 	176	105.380928	5.119239	151.894119
 - 	177	105.655197	4.986703	151.597244
 - 	178	101.982986	6.576056	150.982819
 - 	179	97.633942	4.588231	151.782043
 - 	180	96.360603	5.775663	154.036926
 - 	181	95.140495	1.871611	153.310211
 - 	182	94.118607	4.279184	153.283600
 - 	183	94.504898	6.835056	152.665268
 - 	184	95.385658	5.511894	152.131393
 - 	185	95.883835	5.166268	150.624908
 - 	186	96.814171	6.861576	153.446396
 - 	187	97.293907	5.468163	154.811996
 - 	188	97.859306	4.113789	152.789139
 - 	189	98.008324	2.554155	150.452652
 - 	190	98.511169	2.086079	148.489594
 - 	191	99.075005	2.884523	162.569000
 - 	192	99.843292	2.334315	166.841263
 - 	193	100.836906	1.958958	161.984985
 - 	194	102.246582	1.937220	152.327057
 - 	195	102.847183	0.364236	146.910660
 - 	196	103.409843	0.501819	149.346024
