RElbowAngle
File	Frame	X 	Y 	Z 
C:\Motion Data\1244\Processed\1244jb31.c3d	
 -	1	48.593063	-20.618338	-61.814243
 - 	2	48.813744	-20.701902	-61.827297
 - 	3	48.271687	-20.559660	-61.901821
 - 	4	47.995949	-20.488682	-61.982014
 - 	5	47.534958	-20.259169	-62.144081
 - 	6	46.649006	-19.988962	-62.410923
 - 	7	45.037151	-19.599066	-63.079018
 - 	8	43.602997	-19.154627	-63.551865
 - 	9	42.017742	-18.652975	-64.064072
 - 	10	41.147053	-18.351143	-64.346458
 - 	11	40.027916	-17.871893	-64.636436
 - 	12	39.118195	-17.622644	-64.922752
 - 	13	38.288879	-17.319828	-65.207924
 - 	14	37.379887	-17.039768	-65.401825
 - 	15	36.500153	-16.709370	-65.634880
 - 	16	35.524986	-16.302761	-66.026337
 - 	17	34.938431	-16.034126	-66.203377
 - 	18	34.194992	-15.770506	-66.387993
 - 	19	34.198414	-15.743938	-66.420670
 - 	20	34.288498	-15.799735	-66.371979
 - 	21	34.614117	-15.877084	-66.206917
 - 	22	34.201118	-15.738470	-66.224884
 - 	23	34.504322	-15.807425	-66.093323
 - 	24	34.623257	-15.864458	-66.247597
 - 	25	34.424248	-15.759902	-66.258324
 - 	26	34.218777	-15.657844	-66.217964
 - 	27	34.341587	-15.759706	-66.170105
 - 	28	34.104355	-15.725725	-66.485191
 - 	29	33.685215	-15.507103	-66.526382
 - 	30	33.625973	-15.560412	-66.592842
 - 	31	33.706123	-15.550359	-66.479027
 - 	32	33.533997	-15.341110	-66.397461
 - 	33	33.444599	-15.414820	-66.534546
 - 	34	33.020802	-15.280446	-66.561905
 - 	35	32.916134	-15.192689	-66.682961
 - 	36	32.801888	-15.191518	-66.708282
 - 	37	32.721294	-15.121222	-66.743713
 - 	38	32.229404	-14.935654	-66.855675
 - 	39	31.827494	-14.838836	-67.035141
 - 	40	30.832417	-14.374418	-67.142067
 - 	41	30.635584	-14.353139	-67.322380
 - 	42	30.141558	-14.106849	-67.301781
 - 	43	30.051016	-14.026958	-67.280960
 - 	44	30.363371	-14.182040	-67.273148
 - 	45	30.216524	-14.131691	-67.196869
 - 	46	29.873343	-13.971543	-67.269730
 - 	47	29.857828	-14.021022	-67.517174
 - 	48	30.033596	-14.075605	-67.337830
 - 	49	30.048588	-14.107458	-67.380104
 - 	50	30.063242	-14.070340	-67.384369
 - 	51	30.733925	-14.446359	-67.238983
 - 	52	30.993689	-14.462688	-67.222176
 - 	53	31.436058	-14.584542	-67.047600
 - 	54	32.031155	-14.849955	-66.926025
 - 	55	32.100586	-14.901626	-66.812393
 - 	56	32.923756	-15.307892	-66.676331
 - 	57	33.958576	-15.597990	-66.386253
 - 	58	35.099369	-16.067949	-65.986862
 - 	59	36.422092	-16.513451	-65.656708
 - 	60	37.769733	-17.062387	-65.288719
 - 	61	38.833073	-17.410349	-64.920898
 - 	62	39.761467	-17.738487	-64.690216
 - 	63	41.088787	-18.206024	-64.248695
 - 	64	42.247066	-18.587341	-63.892090
 - 	65	43.582169	-19.093290	-63.494759
 - 	66	45.200966	-19.553467	-62.972126
 - 	67	46.247574	-19.876951	-62.630432
 - 	68	47.702293	-20.402567	-62.190746
 - 	69	48.774078	-20.703094	-61.773243
 - 	70	49.633579	-20.971956	-61.515934
 - 	71	50.378082	-21.130680	-61.174835
 - 	72	50.878986	-21.200186	-60.877155
 - 	73	50.990105	-21.268915	-60.927563
 - 	74	51.224895	-21.401598	-60.870354
 - 	75	51.026337	-21.241287	-60.953594
 - 	76	50.773743	-21.096901	-60.911602
 - 	77	49.651669	-20.916752	-61.389454
 - 	78	48.480816	-20.560947	-61.762089
 - 	79	46.376060	-19.959604	-62.546604
 - 	80	44.520752	-19.336096	-63.193069
 - 	81	43.052174	-18.796400	-63.629143
 - 	82	41.297836	-18.374334	-64.365036
 - 	83	40.395393	-17.875944	-64.684860
 - 	84	38.567829	-17.351025	-65.150826
 - 	85	37.079346	-16.866997	-65.553444
 - 	86	35.749954	-16.360888	-65.903168
 - 	87	34.457073	-15.851415	-66.260445
 - 	88	33.332733	-15.366027	-66.433365
 - 	89	33.014565	-15.201003	-66.663467
 - 	90	32.149609	-15.046434	-66.859734
 - 	91	32.129414	-14.854406	-66.848068
 - 	92	32.178154	-14.910299	-66.766640
 - 	93	32.327610	-14.930493	-66.785675
 - 	94	32.285503	-14.967274	-66.885498
 - 	95	32.606094	-15.150816	-66.741394
 - 	96	32.830784	-15.148023	-66.653328
 - 	97	33.328259	-15.352757	-66.603569
 - 	98	33.261105	-15.294583	-66.561058
 - 	99	33.483158	-15.342343	-66.369888
 - 	100	33.293648	-15.387224	-66.505348
 - 	101	33.264923	-15.379292	-66.701332
 - 	102	32.731480	-15.151554	-66.856575
 - 	103	32.231422	-14.945089	-66.955475
 - 	104	31.416681	-14.745373	-67.175430
 - 	105	30.841661	-14.399579	-67.085297
 - 	106	29.629993	-13.936032	-67.534927
 - 	107	29.318485	-13.817277	-67.584999
 - 	108	28.484447	-13.466044	-67.706818
 - 	109	28.007006	-13.250394	-68.005104
 - 	110	27.820324	-13.215986	-68.008865
 - 	111	27.693186	-13.087658	-68.016235
 - 	112	27.617401	-13.093164	-67.894241
 - 	113	27.794109	-13.217903	-68.024055
 - 	114	27.882381	-13.148206	-67.826157
 - 	115	28.513584	-13.461156	-67.665993
 - 	116	29.241833	-13.791026	-67.672462
 - 	117	30.062191	-14.105541	-67.426079
 - 	118	31.091698	-14.397060	-67.041847
 - 	119	31.899948	-14.821504	-66.931602
 - 	120	32.190331	-14.866998	-66.868065
 - 	121	32.709419	-15.111165	-66.642708
 - 	122	33.080475	-15.247247	-66.658455
 - 	123	33.414749	-15.301598	-66.605629
 - 	124	33.893139	-15.609546	-66.456573
 - 	125	34.306839	-15.742397	-66.364471
 - 	126	34.727551	-15.961453	-66.240807
 - 	127	35.238071	-16.120386	-66.007759
 - 	128	35.813343	-16.268646	-65.777260
 - 	129	36.833023	-16.736774	-65.662415
 - 	130	37.595730	-16.983360	-65.411331
 - 	131	39.220776	-17.557779	-64.916283
 - 	132	41.337288	-18.337734	-64.306427
 - 	133	42.185730	-18.589912	-64.111496
 - 	134	44.232986	-19.304785	-63.357983
 - 	135	45.868629	-19.653006	-62.756653
 - 	136	47.305107	-20.117937	-62.351078
 - 	137	48.920292	-20.677179	-61.806137
 - 	138	50.348515	-20.970228	-61.163197
 - 	139	51.608021	-21.438362	-60.697968
 - 	140	52.285038	-21.585480	-60.482597
 - 	141	52.561501	-21.617212	-60.308849
 - 	142	53.252716	-21.976967	-60.133984
 - 	143	53.173813	-21.815384	-60.083462
 - 	144	53.210480	-21.890818	-60.143661
 - 	145	52.560211	-21.753233	-60.486504
 - 	146	51.591511	-21.551273	-60.740982
 - 	147	50.410198	-21.139322	-61.139519
 - 	148	49.027267	-20.775568	-61.607658
 - 	149	47.468426	-20.156982	-62.106297
 - 	150	46.267311	-19.904140	-62.659431
 - 	151	44.840794	-19.496117	-63.203667
 - 	152	43.259445	-19.003153	-63.677177
 - 	153	41.149799	-18.193981	-64.238869
 - 	154	39.400227	-17.611389	-64.794266
 - 	155	37.298897	-16.827299	-65.324600
 - 	156	35.494896	-16.133169	-65.916794
 - 	157	34.047756	-15.632988	-66.423279
 - 	158	32.904644	-15.195990	-66.600548
 - 	159	32.315174	-14.990026	-66.738617
 - 	160	31.335743	-14.581658	-66.950661
 - 	161	31.178295	-14.523290	-67.090202
 - 	162	30.651550	-14.360557	-67.302887
 - 	163	30.817680	-14.399192	-67.146873
 - 	164	30.632891	-14.296824	-67.237732
 - 	165	30.840530	-14.446332	-67.329567
 - 	166	30.841995	-14.381281	-67.130760
 - 	167	30.649740	-14.328839	-67.136444
 - 	168	30.562685	-14.285594	-67.201965
 - 	169	30.446720	-14.289347	-67.447891
 - 	170	30.608274	-14.281767	-67.160164
 - 	171	29.909763	-14.038712	-67.439247
 - 	172	29.355648	-13.810934	-67.596725
 - 	173	28.534641	-13.480379	-67.676544
 - 	174	28.328985	-13.428079	-67.806961
 - 	175	27.681093	-13.095177	-67.845222
 - 	176	27.216812	-12.935277	-68.096703
 - 	177	27.192881	-12.900082	-67.987289
 - 	178	27.048750	-12.860019	-68.059547
 - 	179	27.272339	-12.892167	-68.011314
 - 	180	26.911457	-12.805308	-68.073639
 - 	181	26.613342	-12.601780	-68.127182
 - 	182	26.836660	-12.660612	-68.063889
 - 	183	27.554512	-13.063821	-67.945763
 - 	184	28.842236	-13.606240	-67.713707
 - 	185	29.143568	-13.750906	-67.623955
 - 	186	30.392075	-14.202371	-67.219879
 - 	187	30.551266	-14.282062	-67.362724
 - 	188	29.791155	-13.945930	-67.487144
 - 	189	32.119717	-14.922145	-66.966682
 - 	190	32.691978	-15.073160	-66.828003
 - 	191	33.386974	-15.346851	-66.542496
 - 	192	33.673313	-15.534307	-66.512566
 - 	193	34.787506	-15.874075	-66.182243
 - 	194	35.317715	-16.181980	-66.193398
 - 	195	36.230644	-16.512735	-65.821503
 - 	196	37.704067	-17.012148	-65.363342
