RKneeAngle
File	Frame	X 	Y 	Z 
C:\Motion Data\1244\Processed\1244jb31.c3d	
 -	1	-0.028643	0.367319	-1.013611
 - 	2	1.745599	0.528885	-1.699859
 - 	3	3.689054	0.826886	-2.234101
 - 	4	5.474525	1.306013	-1.753499
 - 	5	7.565814	0.845979	-1.393058
 - 	6	9.955616	1.358244	-0.027744
 - 	7	12.381662	1.562041	0.689802
 - 	8	15.820057	1.793627	3.135509
 - 	9	19.532774	2.606990	5.920470
 - 	10	24.376577	4.782088	10.022212
 - 	11	29.943521	6.521812	10.037362
 - 	12	35.544907	7.524847	6.227488
 - 	13	41.157887	9.112098	4.159194
 - 	14	47.271046	7.965645	0.985766
 - 	15	52.421535	7.694973	0.704193
 - 	16	56.296085	8.638273	1.463681
 - 	17	59.506165	9.208550	1.462128
 - 	18	61.218678	9.326363	0.707052
 - 	19	62.060539	8.496869	1.211762
 - 	20	62.092369	7.095888	2.207590
 - 	21	60.411602	7.480373	1.099511
 - 	22	58.577637	8.520607	4.328626
 - 	23	56.006355	7.830790	5.786814
 - 	24	52.739357	8.101246	8.497094
 - 	25	48.533024	7.612390	10.888577
 - 	26	44.189487	7.056868	14.217184
 - 	27	38.652184	6.938641	15.630104
 - 	28	32.755878	5.197720	16.647346
 - 	29	26.337414	3.444104	15.059767
 - 	30	19.589071	2.416397	14.037519
 - 	31	13.072093	0.409047	12.759087
 - 	32	6.092391	-0.439554	12.013793
 - 	33	-1.015358	-1.025045	10.953228
 - 	34	-7.406000	-1.918255	8.743175
 - 	35	-12.332436	-2.079710	6.487140
 - 	36	-14.635195	-2.478279	9.686110
 - 	37	-13.601880	-2.173294	13.762146
 - 	38	-10.305240	-1.840176	17.081018
 - 	39	-7.055930	-1.014678	19.644520
 - 	40	-4.880500	-0.847087	20.025795
 - 	41	-4.209962	-1.014215	17.802074
 - 	42	-4.897074	-1.251244	14.705802
 - 	43	-6.224926	-1.569738	10.225973
 - 	44	-9.026970	-1.942970	9.442423
 - 	45	-10.898643	-1.966984	10.233639
 - 	46	-7.551287	-1.231450	8.320507
 - 	47	-4.152420	-1.060368	11.241619
 - 	48	-1.094191	-1.123519	14.605262
 - 	49	-0.443729	-1.865788	16.316906
 - 	50	-0.588958	-2.276196	13.744374
 - 	51	-1.585772	-2.567885	8.476814
 - 	52	-1.708105	-1.883654	6.258879
 - 	53	-1.268263	-2.247345	8.536274
 - 	54	-2.217694	-1.542428	9.294727
 - 	55	-3.102588	-1.844795	10.628385
 - 	56	-4.245121	-2.165432	8.871560
 - 	57	-5.113829	-1.983788	5.291801
 - 	58	-4.477363	-1.640501	4.889349
 - 	59	-4.225724	-0.920365	3.044540
 - 	60	-4.249715	-0.966364	3.099368
 - 	61	-4.270721	-0.807958	4.307660
 - 	62	-4.384523	-0.772914	3.846812
 - 	63	-4.304260	-0.627094	2.891540
 - 	64	-4.067471	-0.479276	1.641072
 - 	65	-3.279760	-0.393305	1.174151
 - 	66	-2.554219	-0.192099	0.448060
 - 	67	-1.929306	-0.250334	0.114808
 - 	68	-1.003075	0.221976	-0.541477
 - 	69	-0.035298	0.236582	-1.666114
 - 	70	0.984926	0.038064	-2.255898
 - 	71	2.033893	0.305471	-2.567311
 - 	72	3.638410	0.098378	-1.783303
 - 	73	4.926592	0.816393	-3.069947
 - 	74	6.716012	0.717776	-2.603556
 - 	75	8.608960	1.032300	-1.420358
 - 	76	10.854326	0.563225	-1.363146
 - 	77	13.354897	1.511574	-0.972139
 - 	78	16.214619	1.212877	0.718675
 - 	79	19.390036	1.839079	3.051226
 - 	80	23.930622	2.981530	5.850299
 - 	81	28.847532	5.942514	8.434570
 - 	82	34.941792	6.873701	8.486269
 - 	83	40.063103	8.649229	3.335673
 - 	84	45.787991	10.107407	2.195825
 - 	85	51.385414	9.935613	0.412678
 - 	86	55.833866	8.630497	-0.210711
 - 	87	59.299088	9.162891	-0.239644
 - 	88	62.071987	8.054953	0.586422
 - 	89	63.446442	8.854419	1.805277
 - 	90	63.034882	9.421572	2.372211
 - 	91	61.886383	7.528893	2.773371
 - 	92	59.644806	8.910397	4.091296
 - 	93	56.979279	7.501401	5.124312
 - 	94	53.469208	8.162997	8.158506
 - 	95	49.245827	9.468326	12.266606
 - 	96	45.135422	7.751882	15.396914
 - 	97	39.811443	7.121298	17.255051
 - 	98	33.550880	6.640031	17.968454
 - 	99	28.307632	4.113965	17.540037
 - 	100	21.764812	2.666974	15.163391
 - 	101	14.890992	1.024927	12.053051
 - 	102	8.473413	0.030531	10.901661
 - 	103	2.317202	-0.398411	9.497459
 - 	104	-3.374170	-1.274697	10.041404
 - 	105	-8.931286	-1.522341	8.136468
 - 	106	-12.438785	-2.133100	7.264754
 - 	107	-12.253721	-2.620900	10.700483
 - 	108	-11.105847	-2.093749	11.378963
 - 	109	-8.184912	-1.557245	10.963542
 - 	110	-5.192719	-1.447750	11.741238
 - 	111	-6.497111	-0.362470	10.121295
 - 	112	-9.150937	-1.485528	8.437065
 - 	113	-8.384006	-1.919264	8.529963
 - 	114	-7.961349	-1.545719	8.704578
 - 	115	-5.352363	-2.067013	9.115211
 - 	116	-4.654479	-2.093997	7.367673
 - 	117	-4.789707	-2.551203	5.266805
 - 	118	-5.672904	-3.108775	3.523588
 - 	119	-6.880719	-3.306814	0.323514
 - 	120	-7.406170	-2.858246	1.586914
 - 	121	-7.887900	-3.324368	3.599771
 - 	122	-7.947070	-2.866833	3.399159
 - 	123	-7.617751	-3.301359	4.324812
 - 	124	-7.178811	-2.694900	2.243386
 - 	125	-6.117857	-2.124382	0.210414
 - 	126	-5.438235	-1.768887	0.260410
 - 	127	-4.712546	-1.282976	-0.887245
 - 	128	-4.274053	-1.231452	-0.292927
 - 	129	-4.346236	-0.607955	0.149521
 - 	130	-3.903886	-0.284383	0.503825
 - 	131	-3.530582	-0.157876	0.135556
 - 	132	-3.187929	0.141511	1.102844
 - 	133	-2.777761	0.244290	0.961819
 - 	134	-2.650696	0.087725	-0.583171
 - 	135	-2.210816	0.506975	-2.013838
 - 	136	-1.501649	0.630862	-1.662763
 - 	137	-0.679580	0.496048	-2.875944
 - 	138	0.144723	1.081072	-1.866882
 - 	139	2.036614	0.582848	-2.321107
 - 	140	3.342118	0.559385	-2.464327
 - 	141	5.228927	0.737952	-3.841571
 - 	142	7.269447	0.574785	-4.098917
 - 	143	9.180242	0.949073	-2.663662
 - 	144	11.980031	0.884080	-2.470498
 - 	145	14.463834	1.232506	-0.575946
 - 	146	17.361839	1.391099	0.952490
 - 	147	20.967888	2.140898	4.251879
 - 	148	25.655493	3.947500	7.981513
 - 	149	30.574738	6.642744	7.956631
 - 	150	35.944283	8.560064	5.693877
 - 	151	41.909664	8.902773	1.383451
 - 	152	48.053585	8.484206	-0.904296
 - 	153	53.781628	8.428512	-0.346443
 - 	154	57.810604	10.230144	0.442560
 - 	155	60.839455	9.487151	0.537648
 - 	156	62.728943	8.131862	0.478865
 - 	157	63.301830	8.663202	1.052574
 - 	158	62.858006	7.960607	2.410206
 - 	159	61.035950	7.653694	2.871072
 - 	160	59.064095	7.681659	4.908537
 - 	161	56.188641	7.997044	7.173848
 - 	162	52.746235	7.758721	10.135098
 - 	163	50.151119	5.218055	14.511557
 - 	164	43.530228	7.128477	16.141359
 - 	165	38.079285	5.823123	18.090578
 - 	166	32.011547	4.753655	17.668036
 - 	167	24.867636	3.621511	16.217319
 - 	168	18.514729	1.751484	13.304781
 - 	169	11.580136	0.753550	12.413959
 - 	170	6.417938	-0.977225	13.278997
 - 	171	3.305530	-4.062466	14.948938
 - 	172	0.379596	-6.355012	17.641163
 - 	173	-2.522965	-8.034041	19.278700
 - 	174	-2.330331	-8.933574	24.121363
 - 	175	-0.578098	-8.902268	27.448120
 - 	176	1.200383	-8.032957	26.774794
 - 	177	3.221455	-7.278284	27.040422
 - 	178	3.932202	-7.191430	28.162971
 - 	179	3.160962	-8.068901	26.138350
 - 	180	3.196761	-8.300876	24.497334
 - 	181	3.553634	-8.674850	24.662790
 - 	182	4.913734	-8.079906	25.864634
 - 	183	6.799393	-7.442722	26.954155
 - 	184	7.717638	-7.356749	24.859282
 - 	185	7.934653	-7.267773	22.967878
 - 	186	7.390821	-8.170392	19.284744
 - 	187	6.178082	-8.676612	17.413797
 - 	188	5.710737	-8.630008	19.304832
 - 	189	5.193123	-7.865488	20.964504
 - 	190	5.056684	-8.043493	22.209949
 - 	191	2.217907	-8.308845	6.020169
 - 	192	1.568975	-7.795919	-1.494758
 - 	193	2.990221	-7.486969	1.534383
 - 	194	4.709282	-6.065810	8.937045
 - 	195	5.403777	-5.156358	12.596664
 - 	196	5.677899	-5.484842	9.689023
