RShoulderAngle
File	Frame	X 	Y 	Z 
C:\Motion Data\1244\Processed\1244jb31.c3d	
 -	1	25.497276	-4.034066	-152.182617
 - 	2	24.866699	-3.397181	-151.412659
 - 	3	24.002165	-3.288707	-151.682983
 - 	4	23.063511	-2.925081	-151.093369
 - 	5	21.773693	-2.836321	-151.036240
 - 	6	20.722435	-2.575169	-151.211136
 - 	7	19.387789	-2.283439	-150.408981
 - 	8	18.272032	-1.773677	-150.134476
 - 	9	16.884014	-2.204335	-149.855560
 - 	10	15.701246	-2.558008	-149.200912
 - 	11	14.757066	-3.401175	-149.013153
 - 	12	14.152834	-3.585425	-148.422897
 - 	13	13.848847	-4.526417	-149.432724
 - 	14	13.542750	-5.425139	-149.788162
 - 	15	13.215421	-6.946117	-151.907410
 - 	16	13.096708	-7.730891	-152.834473
 - 	17	13.205440	-8.441028	-153.908676
 - 	18	13.633748	-8.358737	-154.439865
 - 	19	13.171442	-9.032224	-154.924423
 - 	20	12.509262	-9.768409	-155.375336
 - 	21	12.058039	-10.095819	-154.094894
 - 	22	10.705786	-10.875786	-153.263443
 - 	23	10.150507	-10.907729	-151.984985
 - 	24	9.752147	-11.666615	-151.437683
 - 	25	9.066497	-11.649820	-149.180054
 - 	26	8.698283	-12.120203	-148.783203
 - 	27	8.039443	-12.438091	-148.026154
 - 	28	7.546277	-12.642748	-146.921326
 - 	29	7.265032	-12.657706	-145.939972
 - 	30	6.829699	-12.929919	-145.759796
 - 	31	6.411150	-12.800398	-145.190186
 - 	32	5.699757	-13.487741	-146.429428
 - 	33	5.414378	-13.411643	-145.362991
 - 	34	5.043112	-13.058159	-145.191635
 - 	35	4.169825	-13.270701	-145.591675
 - 	36	3.756828	-13.350267	-145.636581
 - 	37	3.792928	-12.618227	-143.989624
 - 	38	3.177935	-12.645208	-143.245956
 - 	39	3.110488	-12.466469	-143.220169
 - 	40	2.875602	-12.437839	-143.195999
 - 	41	2.636898	-12.012449	-142.204803
 - 	42	2.126157	-12.154204	-143.002899
 - 	43	1.471645	-12.036321	-142.612961
 - 	44	0.928220	-11.718384	-141.508759
 - 	45	0.093850	-11.850026	-142.107712
 - 	46	0.540012	-11.532122	-141.566238
 - 	47	1.141085	-11.219281	-141.392792
 - 	48	2.053672	-10.991733	-142.578522
 - 	49	3.172123	-11.044686	-143.000061
 - 	50	4.867964	-10.003794	-144.391342
 - 	51	6.298028	-9.619382	-145.963638
 - 	52	7.471643	-8.593989	-145.369949
 - 	53	9.162644	-8.674721	-148.752625
 - 	54	11.130645	-7.617254	-148.854904
 - 	55	13.122522	-7.024641	-150.657639
 - 	56	14.353014	-7.862896	-152.396347
 - 	57	16.090082	-7.385285	-152.404236
 - 	58	17.434771	-6.463420	-151.536057
 - 	59	19.041182	-6.504688	-152.119690
 - 	60	20.449669	-7.104432	-153.328064
 - 	61	21.564482	-5.895030	-151.974045
 - 	62	22.939302	-5.582543	-152.167984
 - 	63	23.968605	-5.882143	-153.135742
 - 	64	23.412357	-6.023490	-152.668137
 - 	65	25.672792	-5.108392	-152.616364
 - 	66	26.430653	-5.172587	-153.060211
 - 	67	26.871077	-4.637430	-152.223267
 - 	68	27.187902	-4.995902	-152.969681
 - 	69	20.309717	-7.374922	-153.656158
 - 	70	27.522455	-3.811867	-152.472687
 - 	71	27.394602	-3.463267	-152.710556
 - 	72	26.966534	-3.444890	-152.955872
 - 	73	26.767653	-2.988772	-152.578247
 - 	74	25.578066	-2.392184	-151.585831
 - 	75	24.384476	-2.636520	-151.248810
 - 	76	22.923527	-2.705811	-150.815659
 - 	77	21.668032	-2.945859	-150.745117
 - 	78	20.036110	-2.204925	-149.758148
 - 	79	19.064470	-2.350949	-150.575729
 - 	80	17.620047	-2.842378	-150.410416
 - 	81	16.735744	-2.998524	-150.260529
 - 	82	15.740239	-3.810969	-150.125336
 - 	83	15.142208	-4.203234	-150.110504
 - 	84	14.853628	-5.162405	-151.715393
 - 	85	14.112370	-6.138454	-152.265137
 - 	86	14.038933	-7.147435	-154.047989
 - 	87	13.881498	-7.919627	-154.574738
 - 	88	13.903760	-10.254692	-155.915634
 - 	89	12.786734	-9.478716	-156.016205
 - 	90	12.337729	-10.198094	-156.855850
 - 	91	11.629057	-10.458177	-156.620468
 - 	92	10.950229	-10.672430	-155.636032
 - 	93	10.586728	-10.972687	-154.791382
 - 	94	10.347020	-11.335482	-154.044052
 - 	95	9.290403	-12.245483	-153.446259
 - 	96	8.047847	-13.200338	-151.536713
 - 	97	7.289859	-13.984343	-150.926559
 - 	98	6.760953	-14.493018	-150.049179
 - 	99	6.070445	-15.027934	-148.984497
 - 	100	5.512580	-15.312615	-147.715561
 - 	101	4.775191	-16.122602	-148.386398
 - 	102	4.382577	-15.981887	-147.498184
 - 	103	3.975069	-15.857599	-146.916443
 - 	104	2.995947	-15.822001	-147.270630
 - 	105	4.135824	-14.374921	-143.356293
 - 	106	3.944907	-14.504480	-142.950226
 - 	107	3.043869	-14.959245	-140.595657
 - 	108	2.783964	-14.770595	-140.206573
 - 	109	2.543597	-14.459494	-138.822006
 - 	110	2.304543	-14.271904	-138.050278
 - 	111	2.125450	-14.006392	-136.792221
 - 	112	1.637106	-14.040098	-137.588470
 - 	113	1.484029	-13.589232	-137.736191
 - 	114	2.292139	-12.818650	-138.649841
 - 	115	2.791909	-12.341646	-138.459732
 - 	116	3.296555	-12.070266	-139.605606
 - 	117	4.106464	-11.450082	-140.843185
 - 	118	4.839411	-10.547805	-141.062698
 - 	119	6.077840	-9.485788	-142.197739
 - 	120	7.410882	-8.450532	-143.676605
 - 	121	8.608174	-7.355519	-144.967682
 - 	122	10.416351	-6.515564	-146.145554
 - 	123	12.170314	-5.500775	-147.140533
 - 	124	13.727656	-4.547718	-148.122589
 - 	125	15.595953	-4.130773	-148.854446
 - 	126	17.355570	-3.472604	-149.512436
 - 	127	19.452785	-3.194824	-150.648071
 - 	128	20.812298	-2.559052	-150.905594
 - 	129	22.368614	-2.833643	-152.264267
 - 	130	23.845894	-2.760182	-152.879913
 - 	131	24.968288	-2.645586	-153.258987
 - 	132	25.612528	-2.016572	-152.723175
 - 	133	27.191126	-2.833308	-154.026779
 - 	134	27.887043	-3.313247	-154.671036
 - 	135	28.717653	-3.133348	-154.373947
 - 	136	29.197378	-3.083015	-154.390045
 - 	137	29.405226	-3.077228	-154.529922
 - 	138	29.785210	-3.135589	-154.425613
 - 	139	29.496313	-3.258548	-154.468460
 - 	140	29.220491	-2.773762	-154.216354
 - 	141	28.468361	-2.091575	-154.070969
 - 	142	27.703344	-2.334575	-154.304733
 - 	143	26.676018	-2.261706	-154.337082
 - 	144	25.187475	-2.279790	-154.007965
 - 	145	23.838541	-1.955458	-153.943359
 - 	146	22.465477	-1.997492	-154.137680
 - 	147	21.007120	-1.904552	-154.031265
 - 	148	19.536055	-2.174939	-153.594223
 - 	149	18.253469	-2.328705	-153.609406
 - 	150	17.409679	-3.122525	-153.594513
 - 	151	16.522007	-3.454541	-153.055130
 - 	152	16.049271	-4.259476	-154.103592
 - 	153	15.667081	-4.608653	-154.006897
 - 	154	15.270705	-5.614442	-155.072739
 - 	155	14.938442	-6.069163	-155.360367
 - 	156	14.621817	-6.486753	-155.170532
 - 	157	14.312091	-7.067857	-155.060944
 - 	158	13.781334	-7.252589	-154.097244
 - 	159	13.033278	-7.401829	-153.105072
 - 	160	12.492773	-8.044819	-152.673233
 - 	161	11.746036	-8.646294	-151.465378
 - 	162	11.094704	-9.464874	-150.226959
 - 	163	10.532063	-9.714784	-148.718567
 - 	164	9.739608	-11.223110	-148.498489
 - 	165	9.051413	-12.172585	-147.457916
 - 	166	8.298227	-13.251561	-147.318542
 - 	167	7.722812	-13.019805	-146.031158
 - 	168	7.115575	-14.040981	-144.617065
 - 	169	6.424754	-14.606997	-144.595642
 - 	170	5.926289	-15.208315	-143.897995
 - 	171	5.676978	-14.212202	-141.985199
 - 	172	5.066765	-15.004488	-140.919785
 - 	173	4.688189	-14.727075	-139.369720
 - 	174	4.418211	-14.582227	-136.202591
 - 	175	3.637775	-13.900670	-136.767288
 - 	176	3.858423	-13.625627	-134.772781
 - 	177	3.209111	-13.866580	-134.795959
 - 	178	3.000090	-13.898930	-134.031372
 - 	179	2.017823	-13.830713	-134.304504
 - 	180	2.233781	-13.488851	-134.766403
 - 	181	2.348308	-14.088831	-135.767014
 - 	182	2.493755	-14.181139	-137.361465
 - 	183	2.883442	-13.755887	-137.560135
 - 	184	3.338619	-13.023166	-137.892380
 - 	185	4.341721	-12.047297	-140.307571
 - 	186	5.335897	-10.550359	-140.809372
 - 	187	6.674720	-8.899034	-142.095215
 - 	188	9.182937	-5.886316	-132.607574
 - 	189	9.268879	-6.733252	-145.374695
 - 	190	10.925449	-5.526809	-146.027420
 - 	191	12.709721	-5.211002	-148.630722
 - 	192	14.539188	-4.422295	-149.510071
 - 	193	16.074400	-3.891762	-149.889297
 - 	194	17.604187	-3.611656	-151.085678
 - 	195	19.446354	-4.015166	-152.771988
 - 	196	21.054270	-4.036442	-154.073608
