	GLOBAL	GLOBAL	GLOBAL	GLOBAL	GLOBAL	GLOBAL	GLOBAL	GLOBAL	GLOBAL	GLOBAL	GLOBAL	GLOBAL	GLOBAL	GLOBAL	GLOBAL	GLOBAL	GLOBAL	GLOBAL	GLOBAL	GLOBAL	GLOBAL	GLOBAL	GLOBAL	GLOBAL	GLOBAL	GLOBAL	GLOBAL	GLOBAL	GLOBAL	GLOBAL	GLOBAL	GLOBAL	GLOBAL	GLOBAL	GLOBAL	GLOBAL
	HIP_X	HIP_X	HIP_X	HIP_Y	HIP_Y	HIP_Y	HIP_Z	HIP_Z	HIP_Z	KNEE_X	KNEE_X	KNEE_X	KNEE_Y	KNEE_Y	KNEE_Y	KNEE_Z	KNEE_Z	KNEE_Z	VHIP_X	VHIP_X	VHIP_X	VHIP_Y	VHIP_Y	VHIP_Y	VHIP_Z	VHIP_Z	VHIP_Z	VKNEE_X	VKNEE_X	VKNEE_X	VKNEE_Y	VKNEE_Y	VKNEE_Y	VKNEE_Z	VKNEE_Z	VKNEE_Z
	P2D	P2D	P2D	P2D	P2D	P2D	P2D	P2D	P2D	P2D	P2D	P2D	P2D	P2D	P2D	P2D	P2D	P2D	P2D	P2D	P2D	P2D	P2D	P2D	P2D	P2D	P2D	P2D	P2D	P2D	P2D	P2D	P2D	P2D	P2D	P2D
	ORIGINAL	ORIGINAL	ORIGINAL	ORIGINAL	ORIGINAL	ORIGINAL	ORIGINAL	ORIGINAL	ORIGINAL	ORIGINAL	ORIGINAL	ORIGINAL	ORIGINAL	ORIGINAL	ORIGINAL	ORIGINAL	ORIGINAL	ORIGINAL	ORIGINAL	ORIGINAL	ORIGINAL	ORIGINAL	ORIGINAL	ORIGINAL	ORIGINAL	ORIGINAL	ORIGINAL	ORIGINAL	ORIGINAL	ORIGINAL	ORIGINAL	ORIGINAL	ORIGINAL	ORIGINAL	ORIGINAL	ORIGINAL
ITEM	X	Y	Z	X	Y	Z	X	Y	Z	X	Y	Z	X	Y	Z	X	Y	Z	X	Y	Z	X	Y	Z	X	Y	Z	X	Y	Z	X	Y	Z	X	Y	Z
1	1.000000	0.072925	0.011096	1.000000	0.478033	0.006751	1.000000	1.194854	0.001601	1.000000	0.065452	0.008243	1.000000	0.461299	0.007872	1.000000	0.827931	0.002268	1.000000	-0.126071	0.016736	1.000000	-0.083192	0.012652	1.000000	-0.013076	0.007939	1.000000	-0.138790	0.011214	1.000000	-0.046870	0.015737	1.000000	-0.013937	0.007630
2	2.000000	0.069567	0.011033	2.000000	0.475935	0.006929	2.000000	1.194696	0.001640	2.000000	0.061951	0.008541	2.000000	0.460550	0.007346	2.000000	0.827605	0.002450	2.000000	-0.141953	0.024334	2.000000	-0.085168	0.011960	2.000000	-0.016397	0.006510	2.000000	-0.176060	0.015197	2.000000	-0.044616	0.023456	2.000000	-0.013662	0.008635
3	3.000000	0.066286	0.011071	3.000000	0.473767	0.006893	3.000000	1.194422	0.001885	3.000000	0.057162	0.008743	3.000000	0.459438	0.007210	3.000000	0.827458	0.002604	3.000000	-0.156722	0.029260	3.000000	-0.085577	0.016464	3.000000	-0.020194	0.009678	3.000000	-0.217746	0.021898	3.000000	-0.044387	0.028135	3.000000	-0.015829	0.006965
4	4.000000	0.062360	0.011125	4.000000	0.472160	0.006776	4.000000	1.193581	0.001714	4.000000	0.051653	0.008890	4.000000	0.458540	0.006755	4.000000	0.827076	0.002086	4.000000	-0.171338	0.027263	4.000000	-0.083224	0.019947	4.000000	-0.018664	0.011300	4.000000	-0.269260	0.032487	4.000000	-0.046546	0.032428	4.000000	-0.015818	0.005427
5	5.000000	0.057964	0.010972	5.000000	0.469702	0.006264	5.000000	1.193280	0.002019	5.000000	0.044639	0.009990	5.000000	0.457296	0.006481	5.000000	0.826389	0.002500	5.000000	-0.183427	0.026928	5.000000	-0.075806	0.022894	5.000000	-0.009366	0.012308	5.000000	-0.336145	0.040633	5.000000	-0.049776	0.041209	5.000000	-0.007082	0.008826
6	6.000000	0.053974	0.011244	6.000000	0.468483	0.006047	6.000000	1.193332	0.001990	6.000000	0.035531	0.010624	6.000000	0.456408	0.005717	6.000000	0.826753	0.002410	6.000000	-0.190177	0.032130	6.000000	-0.064993	0.024682	6.000000	0.004260	0.016619	6.000000	-0.422138	0.047371	6.000000	-0.051714	0.054705	6.000000	0.010711	0.021329
7	7.000000	0.048862	0.010897	7.000000	0.466893	0.005583	7.000000	1.193421	0.002495	7.000000	0.024772	0.011298	7.000000	0.454829	0.004097	7.000000	0.827093	0.002858	7.000000	-0.188255	0.035543	7.000000	-0.056455	0.025418	7.000000	0.018783	0.022202	7.000000	-0.528167	0.054825	7.000000	-0.046331	0.060053	7.000000	0.034954	0.029884
8	8.000000	0.044792	0.011538	8.000000	0.465682	0.005226	8.000000	1.194258	0.003048	8.000000	0.011389	0.012512	8.000000	0.454120	0.004965	8.000000	0.828316	0.003696	8.000000	-0.181379	0.033993	8.000000	-0.053308	0.022892	8.000000	0.031249	0.020941	8.000000	-0.647461	0.059665	8.000000	-0.028069	0.053508	8.000000	0.064850	0.026084
9	9.000000	0.040504	0.011497	9.000000	0.464436	0.005179	9.000000	1.195065	0.003367	9.000000	-0.005508	0.014067	9.000000	0.453180	0.001794	9.000000	0.830136	0.003635	9.000000	-0.179759	0.034711	9.000000	-0.054070	0.019280	9.000000	0.039962	0.013375	9.000000	-0.757836	0.058480	9.000000	0.000682	0.041274	9.000000	0.100734	0.017221
10	10.000000	0.036538	0.011348	10.000000	0.463299	0.005408	10.000000	1.195936	0.003511	10.000000	-0.024712	0.014232	10.000000	0.453753	0.003578	10.000000	0.832828	0.003687	10.000000	-0.186766	0.038953	10.000000	-0.055607	0.015346	10.000000	0.045262	0.009928	10.000000	-0.830072	0.059886	10.000000	0.025695	0.038614	10.000000	0.139111	0.016564
11	11.000000	0.031855	0.011031	11.000000	0.461849	0.005142	11.000000	1.197191	0.003798	11.000000	-0.044886	0.014805	11.000000	0.455214	0.002622	11.000000	0.836709	0.003638	11.000000	-0.196838	0.042995	11.000000	-0.054070	0.014111	11.000000	0.046397	0.011089	11.000000	-0.847998	0.069209	11.000000	0.030159	0.049877	11.000000	0.170471	0.022355
12	12.000000	0.026632	0.011915	12.000000	0.460358	0.004965	12.000000	1.198434	0.003710	12.000000	-0.064964	0.014281	12.000000	0.455515	0.002931	12.000000	0.841042	0.003352	12.000000	-0.207035	0.047772	12.000000	-0.047377	0.015292	12.000000	0.043311	0.012264	12.000000	-0.815921	0.079623	12.000000	0.012953	0.059397	12.000000	0.186228	0.026285
13	13.000000	0.022474	0.012182	13.000000	0.459925	0.004938	13.000000	1.199010	0.003907	13.000000	-0.083163	0.013923	13.000000	0.455740	0.003646	13.000000	0.845673	0.002828	13.000000	-0.221348	0.047849	13.000000	-0.038282	0.013388	13.000000	0.040660	0.013392	13.000000	-0.754864	0.085536	13.000000	-0.013998	0.059515	13.000000	0.186315	0.027284
14	14.000000	0.016077	0.012393	14.000000	0.458489	0.005009	14.000000	1.200246	0.003955	14.000000	-0.100098	0.013628	14.000000	0.454570	0.005636	14.000000	0.849846	0.002701	14.000000	-0.237145	0.040706	14.000000	-0.027821	0.011361	14.000000	0.041371	0.012108	14.000000	-0.683349	0.087401	14.000000	-0.037265	0.050446	14.000000	0.177433	0.028089
15	15.000000	0.011085	0.013014	15.000000	0.458415	0.004420	15.000000	1.201017	0.004217	15.000000	-0.115452	0.013928	15.000000	0.453769	0.006318	15.000000	0.853476	0.003123	15.000000	-0.252338	0.035575	15.000000	-0.018329	0.010265	15.000000	0.043907	0.011562	15.000000	-0.608851	0.086505	15.000000	-0.051909	0.040120	15.000000	0.164355	0.028794
16	16.000000	0.004899	0.012931	16.000000	0.458049	0.004678	16.000000	1.202135	0.004133	16.000000	-0.128725	0.013728	16.000000	0.452417	0.006569	16.000000	0.857702	0.003303	16.000000	-0.267973	0.036151	16.000000	-0.015183	0.012134	16.000000	0.044502	0.009642	16.000000	-0.536679	0.084892	16.000000	-0.061204	0.037386	16.000000	0.143617	0.028599
17	17.000000	-0.002117	0.012359	17.000000	0.457619	0.004877	17.000000	1.203285	0.004615	17.000000	-0.140698	0.013888	17.000000	0.450759	0.007483	17.000000	0.860583	0.003536	17.000000	-0.278234	0.029865	17.000000	-0.015593	0.013784	17.000000	0.038349	0.007928	17.000000	-0.470968	0.082788	17.000000	-0.065943	0.037786	17.000000	0.112866	0.030042
18	18.000000	-0.008445	0.013158	18.000000	0.457170	0.005543	18.000000	1.203962	0.004225	18.000000	-0.151130	0.014820	18.000000	0.449354	0.008121	18.000000	0.862710	0.003391	18.000000	-0.280660	0.018845	18.000000	-0.013522	0.013892	18.000000	0.023194	0.010954	18.000000	-0.414161	0.078463	18.000000	-0.067480	0.035620	18.000000	0.075187	0.034198
19	19.000000	-0.014889	0.012787	19.000000	0.457111	0.005156	19.000000	1.204444	0.004707	19.000000	-0.159997	0.015735	19.000000	0.447615	0.009326	19.000000	0.864147	0.004333	19.000000	-0.279342	0.017302	19.000000	-0.008588	0.015922	19.000000	0.000186	0.014371	19.000000	-0.366346	0.070860	19.000000	-0.067812	0.027208	19.000000	0.032354	0.039827
20	20.000000	-0.022154	0.013817	20.000000	0.456532	0.005253	20.000000	1.203888	0.004851	20.000000	-0.168421	0.016769	20.000000	0.446286	0.008974	20.000000	0.864257	0.004817	20.000000	-0.278421	0.021379	20.000000	-0.001965	0.014343	20.000000	-0.026646	0.016925	20.000000	-0.323302	0.059466	20.000000	-0.065307	0.016066	20.000000	-0.014125	0.043379
21	21.000000	-0.027873	0.012560	21.000000	0.457035	0.005034	21.000000	1.203097	0.004923	21.000000	-0.175396	0.017618	21.000000	0.444504	0.009410	21.000000	0.863633	0.005323	21.000000	-0.281677	0.024193	21.000000	0.005127	0.012421	21.000000	-0.052797	0.019888	21.000000	-0.281887	0.044388	21.000000	-0.059443	0.012851	21.000000	-0.059619	0.040908
22	22.000000	-0.034827	0.012660	22.000000	0.456993	0.005220	22.000000	1.201328	0.005220	22.000000	-0.181900	0.018575	22.000000	0.443151	0.009193	22.000000	0.861352	0.005611	22.000000	-0.288938	0.019078	22.000000	0.011264	0.013937	22.000000	-0.077143	0.020641	22.000000	-0.243044	0.029713	22.000000	-0.051742	0.012038	22.000000	-0.097387	0.034044
23	23.000000	-0.041845	0.012690	23.000000	0.457485	0.005218	23.000000	1.199572	0.005023	23.000000	-0.186984	0.018333	23.000000	0.442459	0.009636	23.000000	0.858867	0.006319	23.000000	-0.293337	0.015313	23.000000	0.017859	0.016002	23.000000	-0.101649	0.018612	23.000000	-0.210789	0.026621	23.000000	-0.043414	0.008732	23.000000	-0.125908	0.025681
24	24.000000	-0.049039	0.012581	24.000000	0.457874	0.005767	24.000000	1.196666	0.005246	24.000000	-0.191379	0.018141	24.000000	0.440989	0.009674	24.000000	0.855501	0.006525	24.000000	-0.295148	0.028493	24.000000	0.025061	0.017724	24.000000	-0.127655	0.015460	24.000000	-0.189424	0.031008	24.000000	-0.034617	0.011410	24.000000	-0.150823	0.016174
25	25.000000	-0.055567	0.012034	25.000000	0.458718	0.005702	25.000000	1.193429	0.005140	25.000000	-0.196058	0.017723	25.000000	0.440817	0.009364	25.000000	0.851622	0.006716	25.000000	-0.305377	0.032398	25.000000	0.029350	0.017210	25.000000	-0.154285	0.012024	25.000000	-0.177685	0.035670	25.000000	-0.026861	0.014060	25.000000	-0.178701	0.012538
26	26.000000	-0.063112	0.011398	26.000000	0.459190	0.006234	26.000000	1.189348	0.005311	26.000000	-0.199987	0.016803	26.000000	0.440157	0.009138	26.000000	0.847361	0.006215	26.000000	-0.324385	0.027692	26.000000	0.033546	0.018185	26.000000	-0.179156	0.013159	26.000000	-0.171405	0.039154	26.000000	-0.018254	0.017118	26.000000	-0.211741	0.017484
27	27.000000	-0.071167	0.010882	27.000000	0.460197	0.006672	27.000000	1.184842	0.005326	27.000000	-0.204148	0.015911	27.000000	0.439103	0.008704	27.000000	0.841723	0.006382	27.000000	-0.345671	0.026210	27.000000	0.039994	0.019009	27.000000	-0.203069	0.017973	27.000000	-0.169867	0.040109	27.000000	-0.004927	0.017133	27.000000	-0.246747	0.024951
28	28.000000	-0.079187	0.011052	28.000000	0.461353	0.007153	28.000000	1.179905	0.005714	28.000000	-0.208003	0.015449	28.000000	0.439903	0.008815	28.000000	0.835444	0.006774	28.000000	-0.368966	0.028007	28.000000	0.047016	0.013699	28.000000	-0.231103	0.024646	28.000000	-0.173083	0.045407	28.000000	0.007932	0.013394	28.000000	-0.281122	0.034195
29	29.000000	-0.088464	0.011015	29.000000	0.462500	0.007147	29.000000	1.173970	0.006206	29.000000	-0.212196	0.013784	29.000000	0.440357	0.008256	29.000000	0.828610	0.007114	29.000000	-0.389598	0.025466	29.000000	0.059154	0.006217	29.000000	-0.266089	0.033279	29.000000	-0.182126	0.052508	29.000000	0.013227	0.018060	29.000000	-0.315909	0.045128
30	30.000000	-0.097912	0.010693	30.000000	0.463598	0.007113	30.000000	1.167498	0.006642	30.000000	-0.216531	0.012833	30.000000	0.440028	0.008233	30.000000	0.820242	0.007723	30.000000	-0.402061	0.023332	30.000000	0.080238	0.003597	30.000000	-0.307142	0.043257	30.000000	-0.195855	0.058272	30.000000	0.013239	0.020337	30.000000	-0.353717	0.057098
31	31.000000	-0.107738	0.010415	31.000000	0.466130	0.007350	31.000000	1.159246	0.008115	31.000000	-0.221473	0.011665	31.000000	0.441003	0.008038	31.000000	0.812101	0.008862	31.000000	-0.411457	0.026659	31.000000	0.100240	0.003860	31.000000	-0.352355	0.053240	31.000000	-0.208098	0.064793	31.000000	0.013304	0.017618	31.000000	-0.400214	0.068509
32	32.000000	-0.116748	0.010322	32.000000	0.469127	0.007135	32.000000	1.150754	0.008680	32.000000	-0.226511	0.009513	32.000000	0.440867	0.007224	32.000000	0.801606	0.010297	32.000000	-0.428899	0.031011	32.000000	0.108761	0.007700	32.000000	-0.402766	0.064258	32.000000	-0.216214	0.067101	32.000000	0.017636	0.012455	32.000000	-0.457343	0.075526
33	33.000000	-0.127927	0.008894	33.000000	0.471152	0.007073	33.000000	1.140534	0.010618	33.000000	-0.231742	0.008273	33.000000	0.441717	0.007429	33.000000	0.790305	0.012070	33.000000	-0.456602	0.038719	33.000000	0.113325	0.010527	33.000000	-0.462278	0.075805	33.000000	-0.223206	0.064671	33.000000	0.030660	0.011957	33.000000	-0.521800	0.077447
34	34.000000	-0.138706	0.011313	34.000000	0.474118	0.006981	34.000000	1.129288	0.011933	34.000000	-0.236879	0.006748	34.000000	0.442316	0.007405	34.000000	0.777537	0.012947	34.000000	-0.489646	0.039324	34.000000	0.121783	0.011310	34.000000	-0.526101	0.078503	34.000000	-0.234567	0.063319	34.000000	0.055684	0.015811	34.000000	-0.586779	0.074867
35	35.000000	-0.150046	0.010410	35.000000	0.477092	0.007590	35.000000	1.115808	0.014091	35.000000	-0.242797	0.006156	35.000000	0.443960	0.007407	35.000000	0.762518	0.015179	35.000000	-0.517524	0.026329	35.000000	0.136362	0.015240	35.000000	-0.577555	0.060057	35.000000	-0.253597	0.064660	35.000000	0.089820	0.024296	35.000000	-0.637153	0.060038
36	36.000000	-0.163470	0.011224	36.000000	0.480414	0.007581	36.000000	1.101700	0.015120	36.000000	-0.249026	0.005566	36.000000	0.446876	0.007721	36.000000	0.747293	0.015997	36.000000	-0.526548	0.016431	36.000000	0.158299	0.022564	36.000000	-0.600137	0.031167	36.000000	-0.280304	0.070550	36.000000	0.125541	0.037722	36.000000	-0.657184	0.035999
37	37.000000	-0.175367	0.010161	37.000000	0.484411	0.008207	37.000000	1.087479	0.014712	37.000000	-0.255720	0.004298	37.000000	0.449858	0.008534	37.000000	0.731629	0.015758	37.000000	-0.512139	0.027095	37.000000	0.184123	0.028840	37.000000	-0.588011	0.056050	37.000000	-0.314815	0.073430	37.000000	0.157317	0.044612	37.000000	-0.641359	0.046596
38	38.000000	-0.187171	0.009707	38.000000	0.489162	0.008990	38.000000	1.073949	0.012592	38.000000	-0.263487	0.005044	38.000000	0.454244	0.010144	38.000000	0.716826	0.014507	38.000000	-0.480957	0.054151	38.000000	0.206737	0.027535	38.000000	-0.544775	0.086366	38.000000	-0.352359	0.054058	38.000000	0.178625	0.035823	38.000000	-0.594864	0.075865
39	39.000000	-0.198742	0.009490	39.000000	0.494172	0.009738	39.000000	1.061911	0.010951	39.000000	-0.272899	0.004930	39.000000	0.458277	0.010382	39.000000	0.703903	0.013104	39.000000	-0.445146	0.065584	39.000000	0.218093	0.020233	39.000000	-0.480521	0.096071	39.000000	-0.381231	0.029766	39.000000	0.186261	0.030690	39.000000	-0.526963	0.094200
40	40.000000	-0.207236	0.007358	40.000000	0.499724	0.009786	40.000000	1.051466	0.009178	40.000000	-0.281200	0.005020	40.000000	0.463213	0.009625	40.000000	0.692163	0.011161	40.000000	-0.421428	0.052655	40.000000	0.213336	0.017862	40.000000	-0.403395	0.093055	40.000000	-0.396233	0.017257	40.000000	0.179435	0.043656	40.000000	-0.444638	0.100518
41	41.000000	-0.218960	0.007811	41.000000	0.504049	0.009552	41.000000	1.042911	0.008555	41.000000	-0.291250	0.003856	41.000000	0.466707	0.009941	41.000000	0.682694	0.010000	41.000000	-0.411650	0.029201	41.000000	0.195290	0.023543	41.000000	-0.319579	0.095444	41.000000	-0.390353	0.049728	41.000000	0.160895	0.057995	41.000000	-0.355322	0.110091
42	42.000000	-0.226538	0.008629	42.000000	0.508908	0.009510	42.000000	1.036776	0.006264	42.000000	-0.300504	0.005840	42.000000	0.470353	0.010567	42.000000	0.675760	0.007345	42.000000	-0.406507	0.030290	42.000000	0.168628	0.033606	42.000000	-0.235767	0.108001	42.000000	-0.356972	0.075317	42.000000	0.135576	0.071038	42.000000	-0.266067	0.121922
43	43.000000	-0.237433	0.007167	43.000000	0.512100	0.009166	43.000000	1.031642	0.003314	43.000000	-0.307921	0.007406	43.000000	0.473423	0.009944	43.000000	0.670187	0.004012	43.000000	-0.400180	0.033936	43.000000	0.136429	0.040729	43.000000	-0.151332	0.104960	43.000000	-0.307409	0.084721	43.000000	0.102315	0.073178	43.000000	-0.178433	0.108929
44	44.000000	-0.246368	0.008276	44.000000	0.515012	0.008283	44.000000	1.029035	0.002311	44.000000	-0.314168	0.009188	44.000000	0.475452	0.010320	44.000000	0.666922	0.002989	44.000000	-0.392765	0.036788	44.000000	0.101605	0.039841	44.000000	-0.068117	0.078141	44.000000	-0.253141	0.112118	44.000000	0.064415	0.068982	44.000000	-0.094901	0.073923
45	45.000000	-0.255450	0.008813	45.000000	0.517191	0.008772	45.000000	1.028761	0.002263	45.000000	-0.320082	0.009842	45.000000	0.476106	0.011372	45.000000	0.665861	0.002261	45.000000	-0.384035	0.044982	45.000000	0.067415	0.035141	45.000000	0.000601	0.045553	45.000000	-0.194006	0.138795	45.000000	0.028135	0.072518	45.000000	-0.025485	0.046487
46	46.000000	-0.264616	0.008439	46.000000	0.518128	0.008617	46.000000	1.029346	0.002756	46.000000	-0.323814	0.012314	46.000000	0.476881	0.012139	46.000000	0.665997	0.002061	46.000000	-0.368218	0.050556	46.000000	0.039007	0.031886	46.000000	0.047030	0.033176	46.000000	-0.133289	0.127801	46.000000	-0.004441	0.072622	46.000000	0.022578	0.034885
47	47.000000	-0.272970	0.009497	47.000000	0.518735	0.008749	47.000000	1.030784	0.002809	47.000000	-0.325962	0.012904	47.000000	0.476288	0.012661	47.000000	0.666837	0.002735	47.000000	-0.342377	0.049274	47.000000	0.017436	0.029367	47.000000	0.072818	0.046612	47.000000	-0.080030	0.085951	47.000000	-0.027345	0.061406	47.000000	0.050833	0.040266
48	48.000000	-0.280658	0.010289	48.000000	0.519327	0.008768	48.000000	1.032805	0.003304	48.000000	-0.327615	0.014275	48.000000	0.475118	0.013707	48.000000	0.668245	0.002999	48.000000	-0.311551	0.041768	48.000000	0.000473	0.027444	48.000000	0.080668	0.061487	48.000000	-0.040973	0.036824	48.000000	-0.033385	0.046703	48.000000	0.064601	0.055663
49	49.000000	-0.287695	0.011022	49.000000	0.518633	0.008789	49.000000	1.034507	0.004207	49.000000	-0.328026	0.013989	49.000000	0.474390	0.013862	49.000000	0.669657	0.004171	49.000000	-0.284688	0.033476	49.000000	-0.011009	0.026843	49.000000	0.074344	0.070221	49.000000	-0.023430	0.027188	49.000000	-0.027285	0.036718	49.000000	0.065784	0.068013
50	50.000000	-0.293964	0.011553	50.000000	0.518576	0.008941	50.000000	1.036157	0.005175	50.000000	-0.328631	0.013302	50.000000	0.474092	0.014178	50.000000	0.671452	0.005382	50.000000	-0.267093	0.028584	50.000000	-0.017288	0.024155	50.000000	0.057328	0.072134	50.000000	-0.032500	0.070828	50.000000	-0.020554	0.030909	50.000000	0.052322	0.071841
51	51.000000	-0.300344	0.012304	51.000000	0.518211	0.008721	51.000000	1.037315	0.006576	51.000000	-0.329346	0.012422	51.000000	0.473811	0.013967	51.000000	0.672344	0.006825	51.000000	-0.260072	0.024770	51.000000	-0.020235	0.016587	51.000000	0.031598	0.066672	51.000000	-0.064760	0.112236	51.000000	-0.017107	0.028426	51.000000	0.026050	0.066296
52	52.000000	-0.306254	0.012745	52.000000	0.517526	0.008609	52.000000	1.037762	0.008026	52.000000	-0.331669	0.011059	52.000000	0.473398	0.013667	52.000000	0.672540	0.008131	52.000000	-0.265680	0.021015	52.000000	-0.019123	0.011189	52.000000	0.000311	0.053649	52.000000	-0.110026	0.135974	52.000000	-0.012535	0.028482	52.000000	-0.006302	0.055031
53	53.000000	-0.312617	0.013276	53.000000	0.517105	0.008318	53.000000	1.037405	0.009130	53.000000	-0.335309	0.011329	53.000000	0.472763	0.013364	53.000000	0.672108	0.009264	53.000000	-0.283234	0.019783	53.000000	-0.015007	0.012480	53.000000	-0.030201	0.037378	53.000000	-0.159931	0.132588	53.000000	-0.002588	0.022966	53.000000	-0.038436	0.041679
54	54.000000	-0.319664	0.013641	54.000000	0.516914	0.008286	54.000000	1.036029	0.009627	54.000000	-0.339084	0.011924	54.000000	0.473120	0.013983	54.000000	0.670601	0.010076	54.000000	-0.305030	0.026506	54.000000	-0.011066	0.014538	54.000000	-0.053968	0.026282	54.000000	-0.215575	0.111537	54.000000	0.009053	0.011963	54.000000	-0.066561	0.030625
55	55.000000	-0.327109	0.014030	55.000000	0.516787	0.007560	55.000000	1.034736	0.009981	55.000000	-0.344980	0.012538	55.000000	0.473831	0.013456	55.000000	0.668921	0.010250	55.000000	-0.323741	0.041061	55.000000	-0.009301	0.015888	55.000000	-0.072085	0.026878	55.000000	-0.278218	0.093566	55.000000	0.017012	0.018663	55.000000	-0.089803	0.027744
56	56.000000	-0.335198	0.014987	56.000000	0.516380	0.007628	56.000000	1.032921	0.010110	56.000000	-0.352535	0.013106	56.000000	0.473687	0.013140	56.000000	0.666400	0.010773	56.000000	-0.339586	0.055108	56.000000	-0.008500	0.016363	56.000000	-0.089345	0.030616	56.000000	-0.342888	0.087773	56.000000	0.022966	0.027293	56.000000	-0.109025	0.029783
57	57.000000	-0.342994	0.015920	57.000000	0.516319	0.007287	57.000000	1.030461	0.010324	57.000000	-0.361331	0.013997	57.000000	0.474544	0.012753	57.000000	0.663767	0.010824	57.000000	-0.358277	0.061807	57.000000	-0.006675	0.017912	57.000000	-0.106241	0.032704	57.000000	-0.407478	0.089335	57.000000	0.026367	0.029830	57.000000	-0.127229	0.033169
58	58.000000	-0.351989	0.017206	58.000000	0.515950	0.007275	58.000000	1.027831	0.010943	58.000000	-0.371514	0.015546	58.000000	0.475424	0.012649	58.000000	0.660338	0.011606	58.000000	-0.384007	0.060346	58.000000	-0.004374	0.020967	58.000000	-0.123398	0.036662	58.000000	-0.473821	0.092769	58.000000	0.024519	0.031899	58.000000	-0.148631	0.041017
59	59.000000	-0.361079	0.018164	59.000000	0.516354	0.006964	59.000000	1.024643	0.011046	59.000000	-0.383785	0.017558	59.000000	0.475723	0.012613	59.000000	0.656806	0.011814	59.000000	-0.416486	0.056561	59.000000	-0.005650	0.027862	59.000000	-0.144973	0.047359	59.000000	-0.542164	0.096427	59.000000	0.023632	0.037502	59.000000	-0.176361	0.055968
60	60.000000	-0.371557	0.019191	60.000000	0.515612	0.007075	60.000000	1.020915	0.011909	60.000000	-0.397159	0.019625	60.000000	0.476306	0.012572	60.000000	0.652143	0.012869	60.000000	-0.452748	0.057686	60.000000	-0.011075	0.036290	60.000000	-0.174417	0.064381	60.000000	-0.613577	0.100877	60.000000	0.029482	0.044702	60.000000	-0.210826	0.074948
61	61.000000	-0.381984	0.020173	61.000000	0.515630	0.007467	61.000000	1.016371	0.013438	61.000000	-0.412119	0.021635	61.000000	0.476936	0.012326	61.000000	0.646543	0.014522	61.000000	-0.485537	0.067440	61.000000	-0.020965	0.040163	61.000000	-0.214187	0.080949	61.000000	-0.684894	0.102712	61.000000	0.040678	0.047128	61.000000	-0.251297	0.088742
62	62.000000	-0.394990	0.022586	62.000000	0.514662	0.007895	62.000000	1.011072	0.015193	62.000000	-0.429328	0.023984	62.000000	0.478217	0.012271	62.000000	0.640412	0.016703	62.000000	-0.504385	0.079313	62.000000	-0.037570	0.036374	62.000000	-0.264343	0.091116	62.000000	-0.741581	0.094594	62.000000	0.050892	0.051152	62.000000	-0.298573	0.090940
63	63.000000	-0.406506	0.023741	63.000000	0.514234	0.008760	63.000000	1.003545	0.017029	63.000000	-0.447612	0.025605	63.000000	0.479630	0.012813	63.000000	0.632664	0.018224	63.000000	-0.512023	0.088661	63.000000	-0.058121	0.032669	63.000000	-0.322587	0.094713	63.000000	-0.770564	0.081448	63.000000	0.053791	0.066457	63.000000	-0.350175	0.086406
64	64.000000	-0.417800	0.026640	64.000000	0.511724	0.008556	64.000000	0.995882	0.019390	64.000000	-0.465992	0.025117	64.000000	0.480538	0.014423	64.000000	0.623481	0.019947	64.000000	-0.528189	0.087005	64.000000	-0.075960	0.036271	64.000000	-0.389436	0.094003	64.000000	-0.775132	0.068659	64.000000	0.050029	0.079818	64.000000	-0.403529	0.084527
65	65.000000	-0.431426	0.027690	65.000000	0.510241	0.008807	65.000000	0.985491	0.021409	65.000000	-0.484171	0.024421	65.000000	0.482475	0.016864	65.000000	0.613896	0.021788	65.000000	-0.555970	0.084207	65.000000	-0.092933	0.045261	65.000000	-0.461068	0.090159	65.000000	-0.772620	0.049768	65.000000	0.044675	0.072345	65.000000	-0.460341	0.080686
66	66.000000	-0.444965	0.028840	66.000000	0.507652	0.010779	66.000000	0.973894	0.022955	66.000000	-0.501933	0.025378	66.000000	0.482472	0.017194	66.000000	0.602134	0.023893	66.000000	-0.576235	0.095544	66.000000	-0.114304	0.048894	66.000000	-0.529051	0.083313	66.000000	-0.779627	0.086307	66.000000	0.044310	0.045890	66.000000	-0.515228	0.063093
67	67.000000	-0.458075	0.032735	67.000000	0.505235	0.011833	67.000000	0.960933	0.024438	67.000000	-0.520800	0.027650	67.000000	0.483958	0.017566	67.000000	0.589485	0.024834	67.000000	-0.590782	0.095902	67.000000	-0.136747	0.039562	67.000000	-0.586918	0.073392	67.000000	-0.802477	0.162194	67.000000	0.050035	0.028318	67.000000	-0.554174	0.047644
68	68.000000	-0.472476	0.034196	68.000000	0.500968	0.011656	68.000000	0.946150	0.025201	68.000000	-0.540167	0.031732	68.000000	0.485579	0.017183	68.000000	0.576238	0.024159	68.000000	-0.612512	0.080584	68.000000	-0.155309	0.032051	68.000000	-0.621922	0.067188	68.000000	-0.845331	0.222056	68.000000	0.059367	0.042599	68.000000	-0.563271	0.085486
69	69.000000	-0.486428	0.034304	69.000000	0.497685	0.011753	69.000000	0.931247	0.025263	69.000000	-0.560279	0.037800	69.000000	0.486475	0.016187	69.000000	0.562811	0.021610	69.000000	-0.631914	0.060513	69.000000	-0.167826	0.027285	69.000000	-0.624795	0.083569	69.000000	-0.915493	0.225192	69.000000	0.076764	0.044752	69.000000	-0.529606	0.142330
70	70.000000	-0.502852	0.036117	70.000000	0.493377	0.012445	70.000000	0.917422	0.023548	70.000000	-0.582584	0.043062	70.000000	0.488897	0.015980	70.000000	0.551234	0.017738	70.000000	-0.631210	0.039653	70.000000	-0.174191	0.017322	70.000000	-0.593804	0.126776	70.000000	-1.005766	0.156191	70.000000	0.101864	0.021848	70.000000	-0.445604	0.192474
71	71.000000	-0.516897	0.036555	71.000000	0.489099	0.013579	71.000000	0.903130	0.020770	71.000000	-0.607443	0.045436	71.000000	0.491151	0.016079	71.000000	0.541498	0.012772	71.000000	-0.608382	0.048650	71.000000	-0.171796	0.013688	71.000000	-0.523645	0.184088	71.000000	-1.085340	0.059700	71.000000	0.121088	0.057933	71.000000	-0.317608	0.225799
72	72.000000	-0.530796	0.037576	72.000000	0.485437	0.011852	72.000000	0.892402	0.015514	72.000000	-0.633999	0.044463	72.000000	0.494330	0.015749	72.000000	0.536111	0.007161	72.000000	-0.574489	0.073516	72.000000	-0.161769	0.038287	72.000000	-0.414818	0.235509	72.000000	-1.115805	0.076726	72.000000	0.113544	0.117074	72.000000	-0.168175	0.233050
73	73.000000	-0.543837	0.036828	73.000000	0.481687	0.011095	73.000000	0.883731	0.009791	73.000000	-0.660827	0.042028	73.000000	0.497491	0.015884	73.000000	0.534276	0.003947	73.000000	-0.536149	0.090964	73.000000	-0.148701	0.050562	73.000000	-0.278096	0.258338	73.000000	-1.076708	0.125195	73.000000	0.067540	0.150326	73.000000	-0.022942	0.211724
74	74.000000	-0.555927	0.037025	74.000000	0.478246	0.009954	74.000000	0.879337	0.004079	74.000000	-0.685109	0.039692	74.000000	0.497619	0.016111	74.000000	0.535207	0.005347	74.000000	-0.491835	0.099322	74.000000	-0.134015	0.045386	74.000000	-0.130960	0.241852	74.000000	-0.981319	0.148223	74.000000	-0.003426	0.145194	74.000000	0.105389	0.169897
75	75.000000	-0.567359	0.039144	75.000000	0.475286	0.008644	75.000000	0.877794	0.002743	75.000000	-0.706659	0.037090	75.000000	0.496827	0.015885	75.000000	0.538987	0.008301	75.000000	-0.443233	0.094956	75.000000	-0.118669	0.033257	75.000000	0.009724	0.192371	75.000000	-0.861466	0.154088	75.000000	-0.074655	0.116686	75.000000	0.210715	0.119936
76	76.000000	-0.576789	0.040918	76.000000	0.472925	0.008623	76.000000	0.879545	0.006148	76.000000	-0.725104	0.034811	76.000000	0.494320	0.015467	76.000000	0.545074	0.010398	76.000000	-0.398039	0.075758	76.000000	-0.104397	0.028420	76.000000	0.131888	0.125863	76.000000	-0.740202	0.154747	76.000000	-0.127936	0.090551	76.000000	0.285374	0.072576
77	77.000000	-0.585797	0.041870	77.000000	0.470453	0.008743	77.000000	0.884076	0.007433	77.000000	-0.741315	0.032047	77.000000	0.490439	0.014453	77.000000	0.552559	0.011674	77.000000	-0.359647	0.057049	77.000000	-0.090093	0.036359	77.000000	0.221457	0.062749	77.000000	-0.622800	0.157527	77.000000	-0.152274	0.076731	77.000000	0.322327	0.046859
78	78.000000	-0.593677	0.042593	78.000000	0.468225	0.006665	78.000000	0.890103	0.008487	78.000000	-0.754643	0.029739	78.000000	0.486624	0.013456	78.000000	0.560424	0.012057	78.000000	-0.326024	0.054242	78.000000	-0.074569	0.046698	78.000000	0.265754	0.032035	78.000000	-0.508674	0.157931	78.000000	-0.147117	0.076711	78.000000	0.322509	0.064621
79	79.000000	-0.601051	0.042920	79.000000	0.467354	0.006531	79.000000	0.896962	0.008136	79.000000	-0.765339	0.028560	79.000000	0.483856	0.011923	79.000000	0.567520	0.011979	79.000000	-0.292673	0.061345	79.000000	-0.060234	0.046558	79.000000	0.265129	0.050978	79.000000	-0.400335	0.153273	79.000000	-0.126192	0.082302	79.000000	0.294143	0.095846
80	80.000000	-0.607743	0.043667	80.000000	0.465292	0.005020	80.000000	0.902296	0.007686	80.000000	-0.773442	0.026870	80.000000	0.480746	0.010277	80.000000	0.574092	0.012323	80.000000	-0.257463	0.062133	80.000000	-0.044231	0.037087	80.000000	0.233312	0.076009	80.000000	-0.301205	0.147144	80.000000	-0.105059	0.075073	80.000000	0.243558	0.121534
81	81.000000	-0.613228	0.044585	81.000000	0.464912	0.005059	81.000000	0.907702	0.006754	81.000000	-0.779463	0.025422	81.000000	0.478913	0.010394	81.000000	0.579132	0.013028	81.000000	-0.222282	0.053055	81.000000	-0.025370	0.024442	81.000000	0.182783	0.091125	81.000000	-0.213195	0.144373	81.000000	-0.092477	0.053823	81.000000	0.175036	0.135998
82	82.000000	-0.617881	0.045618	82.000000	0.464455	0.005130	82.000000	0.910977	0.005736	82.000000	-0.783400	0.024237	82.000000	0.477090	0.009919	82.000000	0.582248	0.013958	82.000000	-0.187911	0.042464	82.000000	-0.009474	0.017439	82.000000	0.122889	0.096040	82.000000	-0.137097	0.147355	82.000000	-0.087876	0.034184	82.000000	0.094972	0.140145
83	83.000000	-0.622080	0.045315	83.000000	0.464419	0.003539	83.000000	0.913165	0.005000	83.000000	-0.785720	0.023344	83.000000	0.474347	0.010055	83.000000	0.583516	0.014908	83.000000	-0.154021	0.041590	83.000000	0.003843	0.018174	83.000000	0.061425	0.093488	83.000000	-0.070102	0.154744	83.000000	-0.084059	0.028943	83.000000	0.010343	0.138164
84	84.000000	-0.625875	0.047084	84.000000	0.464117	0.004761	84.000000	0.914134	0.005289	84.000000	-0.786762	0.022716	84.000000	0.472900	0.010599	84.000000	0.582940	0.016333	84.000000	-0.124758	0.049415	84.000000	0.014406	0.023254	84.000000	0.001291	0.084042	84.000000	-0.002881	0.165811	84.000000	-0.078639	0.030458	84.000000	-0.070802	0.130653
85	85.000000	-0.627448	0.045652	85.000000	0.465467	0.003959	85.000000	0.913295	0.005900	85.000000	-0.785956	0.022560	85.000000	0.470682	0.010781	85.000000	0.579921	0.018056	85.000000	-0.106238	0.053331	85.000000	0.014790	0.023039	85.000000	-0.051198	0.071428	85.000000	0.073289	0.180031	85.000000	-0.072364	0.033609	85.000000	-0.139775	0.118437
86	86.000000	-0.630145	0.045085	86.000000	0.465380	0.003801	86.000000	0.911472	0.006726	86.000000	-0.783359	0.022937	86.000000	0.469341	0.011717	86.000000	0.575969	0.019833	86.000000	-0.093490	0.044448	86.000000	0.006038	0.012247	86.000000	-0.088118	0.062213	86.000000	0.158730	0.188151	86.000000	-0.069902	0.035299	86.000000	-0.194420	0.103970
87	87.000000	-0.632501	0.044742	87.000000	0.465397	0.003709	87.000000	0.909294	0.007610	87.000000	-0.778617	0.023740	87.000000	0.467810	0.011829	87.000000	0.571183	0.021046	87.000000	-0.074520	0.037315	87.000000	-0.001108	0.015562	87.000000	-0.107956	0.061821	87.000000	0.246440	0.176533	87.000000	-0.076288	0.026953	87.000000	-0.237064	0.085441
88	88.000000	-0.634185	0.044851	88.000000	0.465123	0.003239	88.000000	0.906317	0.009035	88.000000	-0.771549	0.025804	88.000000	0.465733	0.012755	88.000000	0.564951	0.022386	88.000000	-0.048865	0.040020	88.000000	-0.000072	0.019754	88.000000	-0.111334	0.061704	88.000000	0.327238	0.141229	88.000000	-0.086343	0.018842	88.000000	-0.265752	0.061149
89	89.000000	-0.634557	0.045234	89.000000	0.465150	0.002506	89.000000	0.903668	0.010531	89.000000	-0.762949	0.027816	89.000000	0.463475	0.011442	89.000000	0.558266	0.022176	89.000000	-0.029951	0.041740	89.000000	0.006618	0.016878	89.000000	-0.102893	0.046486	89.000000	0.396876	0.094529	89.000000	-0.094322	0.031607	89.000000	-0.277928	0.050039
90	90.000000	-0.635035	0.044564	90.000000	0.465728	0.002335	90.000000	0.901566	0.011403	90.000000	-0.753205	0.029164	90.000000	0.461470	0.011260	90.000000	0.551871	0.021574	90.000000	-0.028312	0.058868	90.000000	0.008921	0.015045	90.000000	-0.093989	0.020887	90.000000	0.452958	0.055076	90.000000	-0.097494	0.047469	90.000000	-0.277396	0.078445
91	91.000000	-0.635501	0.044370	91.000000	0.465721	0.002614	91.000000	0.899825	0.011091	91.000000	-0.741686	0.029954	91.000000	0.458875	0.010084	91.000000	0.545453	0.018957	91.000000	-0.035499	0.082135	91.000000	0.003607	0.014761	91.000000	-0.094291	0.040667	91.000000	0.487743	0.054120	91.000000	-0.091375	0.062745	91.000000	-0.269043	0.117345
92	92.000000	-0.637608	0.039958	92.000000	0.465838	0.002107	92.000000	0.897039	0.009725	92.000000	-0.729678	0.029935	92.000000	0.456910	0.009202	92.000000	0.539374	0.016078	92.000000	-0.036748	0.087707	92.000000	-0.003836	0.015438	92.000000	-0.102854	0.071887	92.000000	0.496904	0.095478	92.000000	-0.077359	0.073463	92.000000	-0.253198	0.146534
93	93.000000	-0.637369	0.040596	93.000000	0.465829	0.002668	93.000000	0.894870	0.008923	93.000000	-0.718361	0.028671	93.000000	0.455418	0.008683	93.000000	0.533261	0.012267	93.000000	-0.031978	0.083062	93.000000	-0.005890	0.023065	93.000000	-0.110921	0.095973	93.000000	0.488481	0.126438	93.000000	-0.058441	0.076098	93.000000	-0.226367	0.159938
94	94.000000	-0.638617	0.038848	94.000000	0.464983	0.002782	94.000000	0.891999	0.006037	94.000000	-0.707120	0.028097	94.000000	0.454074	0.007984	94.000000	0.528694	0.008919	94.000000	-0.026059	0.080001	94.000000	0.004024	0.031616	94.000000	-0.108999	0.113976	94.000000	0.470439	0.130038	94.000000	-0.034502	0.070400	94.000000	-0.187707	0.156245
95	95.000000	-0.638813	0.037453	95.000000	0.465826	0.003385	95.000000	0.889208	0.003172	95.000000	-0.695871	0.028567	95.000000	0.453644	0.007524	95.000000	0.524691	0.005378	95.000000	-0.014644	0.073171	95.000000	0.020913	0.035719	95.000000	-0.089743	0.112343	95.000000	0.445550	0.124094	95.000000	-0.010652	0.057711	95.000000	-0.141905	0.136574
96	96.000000	-0.639318	0.035567	96.000000	0.466424	0.003906	96.000000	0.887864	0.001524	96.000000	-0.686190	0.029058	96.000000	0.453616	0.007386	96.000000	0.521659	0.002458	96.000000	0.005392	0.053581	96.000000	0.033342	0.031069	96.000000	-0.057528	0.088297	96.000000	0.421234	0.124764	96.000000	0.004786	0.038584	96.000000	-0.093812	0.105436
97	97.000000	-0.638736	0.035242	97.000000	0.467653	0.004173	97.000000	0.886937	0.001247	97.000000	-0.676644	0.031195	97.000000	0.454401	0.007302	97.000000	0.520390	0.001123	97.000000	0.027350	0.036370	97.000000	0.043036	0.021222	97.000000	-0.022996	0.057038	97.000000	0.401053	0.133371	97.000000	0.009445	0.018465	97.000000	-0.048887	0.072244
98	98.000000	-0.637760	0.035069	98.000000	0.468067	0.004573	98.000000	0.886401	0.002022	98.000000	-0.667316	0.033007	98.000000	0.454180	0.007281	98.000000	0.519596	0.001639	98.000000	0.043049	0.032113	98.000000	0.056642	0.024149	98.000000	0.009953	0.032514	98.000000	0.374074	0.140854	98.000000	0.013896	0.025425	98.000000	-0.011456	0.042928
99	99.000000	-0.636629	0.035428	99.000000	0.470212	0.005297	99.000000	0.887366	0.002250	99.000000	-0.658785	0.033469	99.000000	0.454502	0.007230	99.000000	0.519577	0.002541	99.000000	0.051479	0.034942	99.000000	0.069895	0.029892	99.000000	0.034680	0.030923	99.000000	0.328094	0.142857	99.000000	0.029186	0.037573	99.000000	0.016278	0.021679
100	100.000000	-0.635413	0.036235	100.000000	0.471889	0.005507	100.000000	0.888439	0.002088	100.000000	-0.651869	0.035377	100.000000	0.455160	0.008075	100.000000	0.520369	0.002348	100.000000	0.055224	0.043395	100.000000	0.076981	0.029356	100.000000	0.044519	0.041178	100.000000	0.257667	0.137967	100.000000	0.052240	0.047703	100.000000	0.030197	0.028254
101	101.000000	-0.634241	0.037599	101.000000	0.473511	0.006126	101.000000	0.889219	0.001674	101.000000	-0.646422	0.036529	101.000000	0.457289	0.008718	101.000000	0.521089	0.001966	101.000000	0.054559	0.044301	101.000000	0.080138	0.027986	101.000000	0.040798	0.041684	101.000000	0.164360	0.119347	101.000000	0.069126	0.049275	101.000000	0.027005	0.036231
