	GLOBAL	GLOBAL	GLOBAL	GLOBAL	GLOBAL	GLOBAL	GLOBAL	GLOBAL	GLOBAL	GLOBAL	GLOBAL	GLOBAL	GLOBAL	GLOBAL	GLOBAL	GLOBAL	GLOBAL	GLOBAL	GLOBAL	GLOBAL	GLOBAL	GLOBAL	GLOBAL	GLOBAL	GLOBAL	GLOBAL	GLOBAL	GLOBAL	GLOBAL	GLOBAL	GLOBAL	GLOBAL	GLOBAL	GLOBAL	GLOBAL	GLOBAL
	HIP_X	HIP_X	HIP_X	HIP_Y	HIP_Y	HIP_Y	HIP_Z	HIP_Z	HIP_Z	KNEE_X	KNEE_X	KNEE_X	KNEE_Y	KNEE_Y	KNEE_Y	KNEE_Z	KNEE_Z	KNEE_Z	VHIP_X	VHIP_X	VHIP_X	VHIP_Y	VHIP_Y	VHIP_Y	VHIP_Z	VHIP_Z	VHIP_Z	VKNEE_X	VKNEE_X	VKNEE_X	VKNEE_Y	VKNEE_Y	VKNEE_Y	VKNEE_Z	VKNEE_Z	VKNEE_Z
	P2D	P2D	P2D	P2D	P2D	P2D	P2D	P2D	P2D	P2D	P2D	P2D	P2D	P2D	P2D	P2D	P2D	P2D	P2D	P2D	P2D	P2D	P2D	P2D	P2D	P2D	P2D	P2D	P2D	P2D	P2D	P2D	P2D	P2D	P2D	P2D
	ORIGINAL	ORIGINAL	ORIGINAL	ORIGINAL	ORIGINAL	ORIGINAL	ORIGINAL	ORIGINAL	ORIGINAL	ORIGINAL	ORIGINAL	ORIGINAL	ORIGINAL	ORIGINAL	ORIGINAL	ORIGINAL	ORIGINAL	ORIGINAL	ORIGINAL	ORIGINAL	ORIGINAL	ORIGINAL	ORIGINAL	ORIGINAL	ORIGINAL	ORIGINAL	ORIGINAL	ORIGINAL	ORIGINAL	ORIGINAL	ORIGINAL	ORIGINAL	ORIGINAL	ORIGINAL	ORIGINAL	ORIGINAL
ITEM	X	Y	Z	X	Y	Z	X	Y	Z	X	Y	Z	X	Y	Z	X	Y	Z	X	Y	Z	X	Y	Z	X	Y	Z	X	Y	Z	X	Y	Z	X	Y	Z
1	1.000000	0.179536	0.016879	1.000000	1.145783	0.027370	1.000000	0.774757	0.003932	1.000000	0.151613	0.023118	1.000000	1.050542	0.027136	1.000000	0.408635	0.003687	1.000000	-0.188597	0.019719	1.000000	-1.480668	0.019749	1.000000	-0.031392	0.036848	1.000000	-0.021569	0.036476	1.000000	-1.685036	0.112759	1.000000	0.081772	0.040723
2	2.000000	0.177623	0.016864	2.000000	1.131093	0.027334	2.000000	0.774612	0.003764	2.000000	0.151462	0.023160	2.000000	1.034069	0.026783	2.000000	0.409588	0.003292	2.000000	-0.193724	0.014497	2.000000	-1.486886	0.014618	2.000000	-0.001292	0.034343	2.000000	-0.019703	0.034469	2.000000	-1.646424	0.143046	2.000000	0.105298	0.045029
3	3.000000	0.175690	0.016890	3.000000	1.116392	0.027294	3.000000	0.774703	0.003584	3.000000	0.151284	0.023144	3.000000	1.017947	0.026594	3.000000	0.410714	0.002846	3.000000	-0.196752	0.012764	3.000000	-1.488725	0.010865	3.000000	0.030159	0.033776	3.000000	-0.022933	0.034524	3.000000	-1.601737	0.164058	3.000000	0.127228	0.050228
4	4.000000	0.173735	0.016976	4.000000	1.101698	0.027244	4.000000	0.775164	0.003375	4.000000	0.151037	0.023040	4.000000	1.002388	0.026631	4.000000	0.412089	0.002332	4.000000	-0.196632	0.014742	4.000000	-1.484149	0.011531	4.000000	0.062856	0.034316	4.000000	-0.033131	0.035213	4.000000	-1.548051	0.168520	4.000000	0.145411	0.051897
5	5.000000	0.171794	0.017113	5.000000	1.087074	0.027186	5.000000	0.775960	0.003158	5.000000	0.150655	0.022883	5.000000	0.987379	0.026847	5.000000	0.413634	0.001817	5.000000	-0.193980	0.017875	5.000000	-1.474910	0.016959	5.000000	0.094275	0.034804	5.000000	-0.046915	0.034672	5.000000	-1.487304	0.161653	5.000000	0.156831	0.049788
6	6.000000	0.169892	0.017284	6.000000	1.072566	0.027120	6.000000	0.777052	0.002956	6.000000	0.150115	0.022702	6.000000	0.972977	0.027190	6.000000	0.415250	0.001353	6.000000	-0.189002	0.020257	6.000000	-1.462188	0.023524	6.000000	0.121636	0.033996	6.000000	-0.060992	0.031793	6.000000	-1.417487	0.148084	6.000000	0.158984	0.044585
7	7.000000	0.168051	0.017476	7.000000	1.058203	0.027055	7.000000	0.778398	0.002786	7.000000	0.149433	0.022517	7.000000	0.959312	0.027631	7.000000	0.416837	0.000970	7.000000	-0.181497	0.020981	7.000000	-1.446556	0.029167	7.000000	0.142353	0.031132	7.000000	-0.072715	0.026980	7.000000	-1.333985	0.131105	7.000000	0.150313	0.037169
8	8.000000	0.166295	0.017668	8.000000	1.044007	0.026997	8.000000	0.779914	0.002668	8.000000	0.148650	0.022343	8.000000	0.946545	0.028137	8.000000	0.418282	0.000705	8.000000	-0.171256	0.019943	8.000000	-1.428821	0.033063	8.000000	0.154866	0.026423	8.000000	-0.080534	0.021898	8.000000	-1.235021	0.113812	8.000000	0.131728	0.029072
9	9.000000	0.164654	0.017843	9.000000	1.029997	0.026955	9.000000	0.781509	0.002611	9.000000	0.147814	0.022188	9.000000	0.934841	0.028681	9.000000	0.419485	0.000597	9.000000	-0.158138	0.017667	9.000000	-1.409601	0.035078	9.000000	0.158754	0.021056	9.000000	-0.083965	0.018350	9.000000	-1.121622	0.098708	9.000000	0.105627	0.022252
10	10.000000	0.163157	0.017987	10.000000	1.016183	0.026936	10.000000	0.783094	0.002620	10.000000	0.146970	0.022043	10.000000	0.924342	0.029234	10.000000	0.420388	0.000637	10.000000	-0.142198	0.015227	10.000000	-1.388957	0.035898	10.000000	0.155286	0.017725	10.000000	-0.083946	0.016994	10.000000	-0.998677	0.087274	10.000000	0.075863	0.018722
11	11.000000	0.161832	0.018092	11.000000	1.002577	0.026947	11.000000	0.784604	0.002694	11.000000	0.146145	0.021897	11.000000	0.915113	0.029770	11.000000	0.420977	0.000765	11.000000	-0.123999	0.013588	11.000000	-1.366730	0.036408	11.000000	0.146844	0.018782	11.000000	-0.081885	0.017156	11.000000	-0.873117	0.080971	11.000000	0.046502	0.018882
12	12.000000	0.160701	0.018157	12.000000	0.989200	0.026996	12.000000	0.786002	0.002829	12.000000	0.145351	0.021737	12.000000	0.907144	0.030271	12.000000	0.421277	0.000935	12.000000	-0.104597	0.012856	12.000000	-1.342739	0.037502	12.000000	0.136591	0.022598	12.000000	-0.079349	0.018219	12.000000	-0.752982	0.080626	12.000000	0.021451	0.020951
13	13.000000	0.159769	0.018183	13.000000	0.976069	0.027089	13.000000	0.787289	0.003017	13.000000	0.144584	0.021559	13.000000	0.900332	0.030732	13.000000	0.421352	0.001127	13.000000	-0.085352	0.012544	13.000000	-1.317431	0.039298	13.000000	0.127656	0.025987	13.000000	-0.077441	0.020065	13.000000	-0.644688	0.085482	13.000000	0.003519	0.023343
14	14.000000	0.159026	0.018177	14.000000	0.963199	0.027224	14.000000	0.788495	0.003242	14.000000	0.143831	0.021362	14.000000	0.894524	0.031166	14.000000	0.421289	0.001333	14.000000	-0.067574	0.012434	14.000000	-1.291669	0.041320	14.000000	0.122540	0.027193	14.000000	-0.076778	0.022342	14.000000	-0.552692	0.093036	14.000000	-0.005637	0.025589
15	15.000000	0.158450	0.018149	15.000000	0.950585	0.027392	15.000000	0.789673	0.003476	15.000000	0.143077	0.021159	15.000000	0.889537	0.031600	15.000000	0.421183	0.001550	15.000000	-0.052112	0.013049	15.000000	-1.266681	0.042625	15.000000	0.122255	0.025847	15.000000	-0.077236	0.024514	15.000000	-0.478206	0.100479	15.000000	-0.006150	0.027627
16	16.000000	0.158013	0.018111	16.000000	0.938215	0.027576	16.000000	0.790877	0.003688	16.000000	0.142312	0.020964	16.000000	0.885190	0.032066	16.000000	0.421120	0.001778	16.000000	-0.039357	0.014643	16.000000	-1.243504	0.042599	16.000000	0.126372	0.022445	16.000000	-0.078297	0.026221	16.000000	-0.420299	0.105701	16.000000	0.000580	0.029403
17	17.000000	0.157689	0.018071	17.000000	0.926063	0.027760	17.000000	0.792149	0.003850	17.000000	0.141532	0.020790	17.000000	0.881327	0.032595	17.000000	0.421164	0.002019	17.000000	-0.029264	0.016731	17.000000	-1.222848	0.041157	17.000000	0.133124	0.017979	17.000000	-0.079110	0.027486	17.000000	-0.376212	0.107626	17.000000	0.012109	0.030649
18	18.000000	0.157450	0.018039	18.000000	0.914102	0.027934	18.000000	0.793503	0.003947	18.000000	0.140745	0.020644	18.000000	0.877829	0.033197	18.000000	0.421346	0.002269	18.000000	-0.021594	0.018515	18.000000	-1.205068	0.038766	18.000000	0.140095	0.013501	18.000000	-0.078808	0.028006	18.000000	-0.342586	0.106204	18.000000	0.025854	0.031115
19	19.000000	0.157274	0.018016	19.000000	0.902302	0.028099	19.000000	0.794929	0.003972	19.000000	0.139966	0.020522	19.000000	0.874608	0.033866	19.000000	0.421675	0.002521	19.000000	-0.016043	0.019512	19.000000	-1.190310	0.036161	19.000000	0.144765	0.010330	19.000000	-0.076499	0.026973	19.000000	-0.316025	0.101934	19.000000	0.039469	0.030601
20	20.000000	0.157143	0.018003	20.000000	0.890633	0.028261	20.000000	0.796389	0.003928	20.000000	0.139219	0.020418	20.000000	0.871616	0.034578	20.000000	0.422136	0.002768	20.000000	-0.012275	0.019788	20.000000	-1.178549	0.034072	20.000000	0.145015	0.010652	20.000000	-0.071452	0.023212	20.000000	-0.293854	0.095723	20.000000	0.051388	0.029129
21	21.000000	0.157041	0.017993	21.000000	0.879064	0.028426	21.000000	0.797829	0.003823	21.000000	0.138536	0.020327	21.000000	0.868823	0.035301	21.000000	0.422706	0.002999	21.000000	-0.009966	0.019712	21.000000	-1.169576	0.032961	21.000000	0.139423	0.014715	21.000000	-0.063129	0.016228	21.000000	-0.274061	0.088480	21.000000	0.060702	0.026810
22	22.000000	0.156953	0.017979	22.000000	0.867569	0.028596	22.000000	0.799183	0.003663	22.000000	0.137952	0.020252	22.000000	0.866214	0.036008	22.000000	0.423352	0.003208	22.000000	-0.008766	0.019699	22.000000	-1.162950	0.032780	22.000000	0.127377	0.020375	22.000000	-0.051513	0.006902	22.000000	-0.255514	0.081206	22.000000	0.067188	0.023877
23	23.000000	0.156872	0.017951	23.000000	0.856128	0.028768	23.000000	0.800383	0.003455	23.000000	0.137501	0.020206	23.000000	0.863784	0.036688	23.000000	0.424048	0.003390	23.000000	-0.008355	0.019947	23.000000	-1.157964	0.033130	23.000000	0.109216	0.026238	23.000000	-0.037365	0.008189	23.000000	-0.237797	0.074573	23.000000	0.071101	0.020548
24	24.000000	0.156791	0.017901	24.000000	0.844725	0.028941	24.000000	0.801371	0.003201	24.000000	0.137207	0.020208	24.000000	0.861527	0.037338	24.000000	0.424768	0.003540	24.000000	-0.008411	0.020449	24.000000	-1.153770	0.033615	24.000000	0.085905	0.031704	24.000000	-0.022207	0.019980	24.000000	-0.221129	0.068884	24.000000	0.072992	0.017137
25	25.000000	0.156707	0.017820	25.000000	0.833361	0.029112	25.000000	0.802103	0.002905	25.000000	0.137069	0.020273	25.000000	0.859431	0.037962	25.000000	0.425496	0.003653	25.000000	-0.008676	0.021141	25.000000	-1.149613	0.034017	25.000000	0.058999	0.036551	25.000000	-0.008176	0.030842	25.000000	-0.206318	0.063492	25.000000	0.073582	0.014060
26	26.000000	0.156620	0.017703	26.000000	0.822038	0.029280	26.000000	0.802549	0.002571	26.000000	0.137066	0.020405	26.000000	0.857474	0.038557	26.000000	0.426223	0.003726	26.000000	-0.008946	0.021958	26.000000	-1.145008	0.034338	26.000000	0.030207	0.040656	26.000000	0.002679	0.038694	26.000000	-0.194482	0.057654	26.000000	0.073583	0.012048
27	27.000000	0.156530	0.017548	27.000000	0.810764	0.029444	27.000000	0.802701	0.002209	27.000000	0.137151	0.020591	27.000000	0.855620	0.039100	27.000000	0.426947	0.003752	27.000000	-0.009129	0.022860	27.000000	-1.139992	0.034655	27.000000	0.001316	0.043753	27.000000	0.008985	0.042582	27.000000	-0.186842	0.051262	27.000000	0.073630	0.011915
28	28.000000	0.156439	0.017358	28.000000	0.799543	0.029608	28.000000	0.802567	0.001841	28.000000	0.137274	0.020807	28.000000	0.853822	0.039552	28.000000	0.427673	0.003728	28.000000	-0.009158	0.023906	28.000000	-1.134939	0.035064	28.000000	-0.026185	0.045441	28.000000	0.010531	0.042829	28.000000	-0.184666	0.046969	28.000000	0.074084	0.013735
29	29.000000	0.156348	0.017135	29.000000	0.788372	0.029773	29.000000	0.802170	0.001504	29.000000	0.137384	0.021020	29.000000	0.852019	0.039868	29.000000	0.428406	0.003655	29.000000	-0.008965	0.025262	29.000000	-1.130497	0.035548	29.000000	-0.051136	0.045259	29.000000	0.008172	0.040678	29.000000	-0.189175	0.049889	29.000000	0.075070	0.016740
30	30.000000	0.156260	0.016883	30.000000	0.777243	0.029942	30.000000	0.801540	0.001246	30.000000	0.137450	0.021208	30.000000	0.850140	0.040010	30.000000	0.429152	0.003535	30.000000	-0.008441	0.027057	30.000000	-1.127224	0.036034	30.000000	-0.072973	0.043065	30.000000	0.003539	0.037528	30.000000	-0.201529	0.061899	30.000000	0.076406	0.020274
31	31.000000	0.156178	0.016610	31.000000	0.766140	0.030116	31.000000	0.800711	0.001116	31.000000	0.137456	0.021357	31.000000	0.848101	0.039959	31.000000	0.429914	0.003377	31.000000	-0.007520	0.029213	31.000000	-1.125573	0.036329	31.000000	-0.091507	0.039017	31.000000	-0.001434	0.033956	31.000000	-0.222465	0.078839	31.000000	0.077805	0.024023
32	32.000000	0.156108	0.016325	32.000000	0.755044	0.030295	32.000000	0.799717	0.001119	32.000000	0.137412	0.021468	32.000000	0.845810	0.039719	32.000000	0.430690	0.003193	32.000000	-0.006240	0.031434	32.000000	-1.125751	0.036283	32.000000	-0.106946	0.033675	32.000000	-0.005062	0.029767	32.000000	-0.252015	0.095615	32.000000	0.078940	0.027799
33	33.000000	0.156053	0.016037	33.000000	0.743938	0.030479	33.000000	0.798586	0.001208	33.000000	0.137339	0.021556	33.000000	0.843182	0.039316	33.000000	0.431476	0.003001	33.000000	-0.004768	0.033425	33.000000	-1.127823	0.035881	33.000000	-0.119645	0.027839	33.000000	-0.006035	0.025298	33.000000	-0.289337	0.109033	33.000000	0.079552	0.031385
34	34.000000	0.156014	0.015752	34.000000	0.732801	0.030667	34.000000	0.797343	0.001328	34.000000	0.137271	0.021640	34.000000	0.840144	0.038790	34.000000	0.432266	0.002822	34.000000	-0.003325	0.035017	34.000000	-1.131768	0.035282	34.000000	-0.130089	0.022534	34.000000	-0.003751	0.021999	34.000000	-0.333016	0.117398	34.000000	0.079423	0.034449
35	35.000000	0.155988	0.015468	35.000000	0.721616	0.030858	35.000000	0.796009	0.001445	35.000000	0.137244	0.021738	35.000000	0.836643	0.038185	35.000000	0.433050	0.002680	35.000000	-0.002066	0.036209	35.000000	-1.137529	0.034603	35.000000	-0.138835	0.018806	35.000000	0.001643	0.021387	35.000000	-0.381500	0.120436	35.000000	0.078306	0.036648
36	36.000000	0.155974	0.015179	36.000000	0.710365	0.031052	36.000000	0.794597	0.001552	36.000000	0.137288	0.021864	36.000000	0.832640	0.037545	36.000000	0.433819	0.002595	36.000000	-0.000992	0.037137	36.000000	-1.145078	0.033804	36.000000	-0.146481	0.017210	36.000000	0.009288	0.022675	36.000000	-0.433411	0.118552	36.000000	0.075897	0.037652
37	37.000000	0.155968	0.014876	37.000000	0.699032	0.031244	37.000000	0.793115	0.001652	37.000000	0.137421	0.022019	37.000000	0.828108	0.036904	37.000000	0.434559	0.002575	37.000000	0.000014	0.037965	37.000000	-1.154361	0.032618	37.000000	-0.153535	0.017181	37.000000	0.017709	0.023514	37.000000	-0.487720	0.112685	37.000000	0.071780	0.037271
38	38.000000	0.155972	0.014555	38.000000	0.687597	0.031425	38.000000	0.791566	0.001748	38.000000	0.137644	0.022192	38.000000	0.823029	0.036291	38.000000	0.435249	0.002618	38.000000	0.001184	0.038692	38.000000	-1.165360	0.030908	38.000000	-0.160288	0.017655	38.000000	0.025135	0.022510	38.000000	-0.543692	0.103977	38.000000	0.065546	0.035528
39	39.000000	0.155988	0.014220	39.000000	0.676046	0.031582	39.000000	0.789950	0.001844	39.000000	0.137935	0.022365	39.000000	0.817389	0.035727	39.000000	0.435867	0.002709	39.000000	0.002716	0.039029	39.000000	-1.178040	0.028874	39.000000	-0.166687	0.017965	39.000000	0.029756	0.019894	39.000000	-0.600908	0.093693	39.000000	0.056886	0.032697
40	40.000000	0.156021	0.013888	40.000000	0.664362	0.031706	40.000000	0.788272	0.001936	40.000000	0.138259	0.022515	40.000000	0.811180	0.035231	40.000000	0.436386	0.002830	40.000000	0.004891	0.038667	40.000000	-1.192529	0.027261	40.000000	-0.172365	0.018053	40.000000	0.030278	0.017271	40.000000	-0.659192	0.083157	40.000000	0.045873	0.029270
41	41.000000	0.156077	0.013585	41.000000	0.652528	0.031788	41.000000	0.786540	0.002022	41.000000	0.138565	0.022620	41.000000	0.804390	0.034814	41.000000	0.436783	0.002967	41.000000	0.008034	0.037734	41.000000	-1.209115	0.026969	41.000000	-0.176772	0.018190	41.000000	0.026174	0.016661	41.000000	-0.718491	0.073619	41.000000	0.032962	0.025740
42	42.000000	0.156168	0.013336	42.000000	0.640520	0.031828	42.000000	0.784771	0.002097	42.000000	0.138804	0.022662	42.000000	0.797009	0.034479	42.000000	0.437042	0.003111	42.000000	0.012718	0.037139	42.000000	-1.228334	0.028397	42.000000	-0.179437	0.018786	42.000000	0.018100	0.018563	42.000000	-0.778619	0.066070	42.000000	0.019082	0.022440
43	43.000000	0.156312	0.013165	43.000000	0.628311	0.031831	43.000000	0.782985	0.002162	43.000000	0.138939	0.022628	43.000000	0.789030	0.034223	43.000000	0.437158	0.003260	43.000000	0.019529	0.037982	43.000000	-1.250730	0.030913	43.000000	-0.180044	0.020140	43.000000	0.007757	0.022397	43.000000	-0.839260	0.061014	43.000000	0.005256	0.019537
44	44.000000	0.156534	0.013080	44.000000	0.615864	0.031804	44.000000	0.781204	0.002218	44.000000	0.138957	0.022512	44.000000	0.780450	0.034029	44.000000	0.437138	0.003411	44.000000	0.028999	0.040534	44.000000	-1.276668	0.033410	44.000000	-0.178529	0.022325	44.000000	-0.002470	0.027526	44.000000	-0.900035	0.058252	44.000000	-0.007604	0.017256
45	45.000000	0.156864	0.013076	45.000000	0.603142	0.031758	45.000000	0.779449	0.002271	45.000000	0.138873	0.022313	45.000000	0.771271	0.033878	45.000000	0.436996	0.003564	45.000000	0.041249	0.043878	45.000000	-1.305986	0.034885	45.000000	-0.174906	0.025108	45.000000	-0.010055	0.033510	45.000000	-0.961052	0.057136	45.000000	-0.019126	0.016057
46	46.000000	0.157330	0.013132	46.000000	0.590112	0.031701	46.000000	0.777740	0.002331	46.000000	0.138727	0.022037	46.000000	0.761492	0.033743	46.000000	0.436751	0.003720	46.000000	0.055981	0.046827	46.000000	-1.337923	0.034752	46.000000	-0.169193	0.028060	46.000000	-0.012835	0.039601	46.000000	-1.023058	0.057031	46.000000	-0.029477	0.016349
47	47.000000	0.157955	0.013224	47.000000	0.576751	0.031637	47.000000	0.776097	0.002405	47.000000	0.138578	0.021694	47.000000	0.751099	0.033604	47.000000	0.436411	0.003880	47.000000	0.072404	0.048719	47.000000	-1.370920	0.032742	47.000000	-0.161218	0.030609	47.000000	-0.009340	0.044970	47.000000	-1.087929	0.057793	47.000000	-0.039522	0.017808
48	48.000000	0.158752	0.013326	48.000000	0.563055	0.031563	48.000000	0.774543	0.002497	48.000000	0.138496	0.021297	48.000000	0.740057	0.033443	48.000000	0.435976	0.004043	48.000000	0.089543	0.049492	48.000000	-1.402918	0.028953	48.000000	-0.150629	0.032262	48.000000	0.001058	0.049048	48.000000	-1.158211	0.059547	48.000000	-0.050492	0.019543
49	49.000000	0.159722	0.013419	49.000000	0.549047	0.031470	49.000000	0.773105	0.002607	49.000000	0.138553	0.020867	49.000000	0.728298	0.033254	49.000000	0.435429	0.004206	49.000000	0.106400	0.049445	49.000000	-1.431535	0.023838	49.000000	-0.136847	0.032776	49.000000	0.018072	0.051688	49.000000	-1.236999	0.062451	49.000000	-0.063879	0.020617
50	50.000000	0.160856	0.013488	50.000000	0.534772	0.031352	50.000000	0.771819	0.002727	50.000000	0.138814	0.020426	50.000000	0.715720	0.033037	50.000000	0.434739	0.004364	50.000000	0.122236	0.048919	50.000000	-1.454678	0.018482	50.000000	-0.119278	0.032244	50.000000	0.040348	0.053413	50.000000	-1.327040	0.066167	50.000000	-0.081000	0.020518
51	51.000000	0.162141	0.013527	51.000000	0.520298	0.031204	51.000000	0.770725	0.002846	51.000000	0.139326	0.019993	51.000000	0.702196	0.032796	51.000000	0.433861	0.004510	51.000000	0.136568	0.048201	51.000000	-1.470790	0.014671	51.000000	-0.097471	0.031046	51.000000	0.065556	0.055255	51.000000	-1.430314	0.070036	51.000000	-0.102828	0.019207
52	52.000000	0.163559	0.013534	52.000000	0.505700	0.031031	52.000000	0.769868	0.002957	52.000000	0.140105	0.019574	52.000000	0.687584	0.032538	52.000000	0.432743	0.004641	52.000000	0.149180	0.047477	52.000000	-1.479176	0.014192	52.000000	-0.071626	0.029583	52.000000	0.090497	0.058175	52.000000	-1.547084	0.073055	52.000000	-0.129798	0.017221
53	53.000000	0.165094	0.013510	53.000000	0.491060	0.030841	53.000000	0.769290	0.003056	53.000000	0.141133	0.019161	53.000000	0.671745	0.032271	53.000000	0.431332	0.004752	53.000000	0.159832	0.046876	53.000000	-1.479777	0.016477	53.000000	-0.042698	0.028109	53.000000	0.111688	0.062666	53.000000	-1.675866	0.074317	53.000000	-0.161847	0.015575
54	54.000000	0.166725	0.013459	54.000000	0.476453	0.030647	54.000000	0.769016	0.003144	54.000000	0.142351	0.018732	54.000000	0.654569	0.032001	54.000000	0.429578	0.004846	54.000000	0.168128	0.046312	54.000000	-1.472983	0.019818	54.000000	-0.012689	0.026706	54.000000	0.125997	0.068768	54.000000	-1.812917	0.073111	54.000000	-0.198387	0.015364
55	55.000000	0.168428	0.013390	55.000000	0.461951	0.030456	55.000000	0.769047	0.003226	55.000000	0.143675	0.018263	55.000000	0.635992	0.031729	55.000000	0.427439	0.004924	55.000000	0.173374	0.045589	55.000000	-1.459429	0.023447	55.000000	0.015877	0.025495	55.000000	0.131387	0.076385	55.000000	-1.952841	0.069187	55.000000	-0.238012	0.016891
56	56.000000	0.170169	0.013313	56.000000	0.447616	0.030270	56.000000	0.769354	0.003307	56.000000	0.145002	0.017737	56.000000	0.616011	0.031452	56.000000	0.424887	0.004985	56.000000	0.174692	0.044427	56.000000	-1.439844	0.027282	56.000000	0.040374	0.024615	56.000000	0.127350	0.085194	56.000000	-2.088978	0.062784	56.000000	-0.278259	0.019585
57	57.000000	0.171904	0.013233	57.000000	0.433505	0.030087	57.000000	0.769882	0.003393	57.000000	0.146238	0.017150	57.000000	0.594704	0.031166	57.000000	0.421931	0.005025	57.000000	0.171294	0.042745	57.000000	-1.415149	0.031173	57.000000	0.059106	0.024171	57.000000	0.115241	0.094616	57.000000	-2.214564	0.054748	57.000000	-0.315098	0.023116
58	58.000000	0.173581	0.013157	58.000000	0.419664	0.029900	58.000000	0.770561	0.003489	58.000000	0.147306	0.016518	58.000000	0.572206	0.030867	58.000000	0.418618	0.005036	58.000000	0.162710	0.040598	58.000000	-1.386321	0.034834	58.000000	0.071566	0.023923	58.000000	0.097823	0.103771	58.000000	-2.323436	0.046462	58.000000	-0.343410	0.027921
59	59.000000	0.175146	0.013087	59.000000	0.406128	0.029705	59.000000	0.771327	0.003597	59.000000	0.148173	0.015867	59.000000	0.548720	0.030556	59.000000	0.415066	0.005008	59.000000	0.149112	0.038149	59.000000	-1.354461	0.037897	59.000000	0.078973	0.023670	59.000000	0.078942	0.111785	59.000000	-2.411166	0.039827	59.000000	-0.357589	0.034640
60	60.000000	0.176550	0.013027	60.000000	0.392923	0.029499	60.000000	0.772135	0.003716	60.000000	0.148843	0.015231	60.000000	0.524477	0.030240	60.000000	0.411442	0.004935	60.000000	0.131188	0.035514	60.000000	-1.320676	0.040139	60.000000	0.083558	0.023293	60.000000	0.062292	0.117797	60.000000	-2.475306	0.036448	60.000000	-0.353054	0.043088
61	61.000000	0.177754	0.012980	61.000000	0.380061	0.029286	61.000000	0.772973	0.003840	61.000000	0.149362	0.014645	61.000000	0.499726	0.029931	61.000000	0.407962	0.004824	61.000000	0.110127	0.032724	61.000000	-1.286093	0.041522	61.000000	0.088213	0.023020	61.000000	0.050644	0.121165	61.000000	-2.515924	0.036246	61.000000	-0.327404	0.051962
62	62.000000	0.178734	0.012945	62.000000	0.367545	0.029077	62.000000	0.773857	0.003964	62.000000	0.149796	0.014143	62.000000	0.474697	0.029640	62.000000	0.404849	0.004697	62.000000	0.087270	0.029803	62.000000	-1.251809	0.042173	62.000000	0.095482	0.023133	62.000000	0.044967	0.121479	62.000000	-2.535553	0.037542	62.000000	-0.281389	0.059600
63	63.000000	0.179478	0.012925	63.000000	0.355366	0.028885	63.000000	0.774827	0.004081	63.000000	0.150210	0.013751	63.000000	0.449588	0.029373	63.000000	0.402303	0.004585	63.000000	0.063971	0.026834	63.000000	-1.218895	0.042336	63.000000	0.107219	0.023848	63.000000	0.044537	0.118842	63.000000	-2.538596	0.038652	63.000000	-0.218474	0.064575
64	64.000000	0.179991	0.012916	64.000000	0.343506	0.028729	64.000000	0.775938	0.004183	64.000000	0.150650	0.013487	64.000000	0.424535	0.029128	64.000000	0.400467	0.004515	64.000000	0.041347	0.024047	64.000000	-1.188327	0.042338	64.000000	0.123968	0.024946	64.000000	0.047463	0.113698	64.000000	-2.530397	0.039204	64.000000	-0.144163	0.066374
65	65.000000	0.180284	0.012915	65.000000	0.331937	0.028621	65.000000	0.777244	0.004268	65.000000	0.151137	0.013355	65.000000	0.399621	0.028901	65.000000	0.399427	0.004498	65.000000	0.020309	0.021764	65.000000	-1.161003	0.042411	65.000000	0.145183	0.025928	65.000000	0.051568	0.106742	65.000000	-2.515805	0.039679	65.000000	-0.064359	0.065126
66	66.000000	0.180377	0.012916	66.000000	0.320621	0.028568	66.000000	0.778785	0.004331	66.000000	0.151670	0.013346	66.000000	0.374877	0.028687	66.000000	0.399201	0.004531	66.000000	0.001520	0.020318	66.000000	-1.137692	0.042406	66.000000	0.169132	0.026185	66.000000	0.055186	0.098629	66.000000	-2.498000	0.040951	66.000000	0.015697	0.061602
67	67.000000	0.180296	0.012918	67.000000	0.309516	0.028568	67.000000	0.780579	0.004364	67.000000	0.152234	0.013431	67.000000	0.350320	0.028487	67.000000	0.399764	0.004593	67.000000	-0.014448	0.019856	67.000000	-1.119063	0.041842	67.000000	0.193416	0.025490	67.000000	0.057190	0.089971	67.000000	-2.478064	0.043450	67.000000	0.092024	0.056659
68	68.000000	0.180071	0.012922	68.000000	0.298571	0.028611	68.000000	0.782618	0.004360	68.000000	0.152810	0.013571	68.000000	0.325963	0.028309	68.000000	0.401059	0.004661	68.000000	-0.027126	0.020337	68.000000	-1.105673	0.040097	68.000000	0.215294	0.024189	68.000000	0.057030	0.081363	68.000000	-2.455260	0.047103	68.000000	0.161858	0.051197
69	69.000000	0.179737	0.012936	69.000000	0.287733	0.028679	69.000000	0.784861	0.004308	69.000000	0.153374	0.013723	69.000000	0.301844	0.028158	69.000000	0.403011	0.004712	69.000000	-0.036168	0.021655	69.000000	-1.097898	0.036962	69.000000	0.232276	0.023345	69.000000	0.054220	0.073406	69.000000	-2.427947	0.051325	69.000000	0.223315	0.045939
70	70.000000	0.179332	0.012968	70.000000	0.276944	0.028756	70.000000	0.787247	0.004201	70.000000	0.153897	0.013860	70.000000	0.278015	0.028041	70.000000	0.405528	0.004728	70.000000	-0.041487	0.023827	70.000000	-1.095870	0.032604	70.000000	0.242415	0.024105	70.000000	0.048434	0.066514	70.000000	-2.394484	0.055481	70.000000	0.275003	0.041597
71	71.000000	0.178894	0.013027	71.000000	0.266144	0.028827	71.000000	0.789697	0.004037	71.000000	0.154348	0.013971	71.000000	0.254550	0.027960	71.000000	0.408507	0.004695	71.000000	-0.043369	0.026798	71.000000	-1.099265	0.027674	71.000000	0.244716	0.026788	71.000000	0.039405	0.060379	71.000000	-2.354023	0.059224	71.000000	0.315874	0.038761
72	72.000000	0.178456	0.013116	72.000000	0.255282	0.028883	72.000000	0.792128	0.003818	72.000000	0.154694	0.014060	72.000000	0.231522	0.027918	72.000000	0.411835	0.004603	72.000000	-0.042464	0.030375	72.000000	-1.107315	0.022940	72.000000	0.239037	0.030747	72.000000	0.027332	0.054221	72.000000	-2.306472	0.062570	72.000000	0.345205	0.037791
73	73.000000	0.178043	0.013236	73.000000	0.244316	0.028921	73.000000	0.794462	0.003548	73.000000	0.154902	0.014141	73.000000	0.209000	0.027920	73.000000	0.415394	0.004447	73.000000	-0.039677	0.034176	73.000000	-1.118790	0.019166	73.000000	0.226019	0.035149	73.000000	0.012841	0.047251	73.000000	-2.252396	0.065868	73.000000	0.362601	0.038567
74	74.000000	0.177666	0.013385	74.000000	0.233218	0.028946	74.000000	0.796629	0.003234	74.000000	0.154953	0.014222	74.000000	0.187045	0.027972	74.000000	0.419066	0.004229	74.000000	-0.035972	0.037845	74.000000	-1.132229	0.016724	74.000000	0.206759	0.039317	74.000000	-0.002764	0.039558	74.000000	-2.192534	0.069431	74.000000	0.368057	0.040537
75	75.000000	0.177331	0.013560	75.000000	0.221977	0.028965	75.000000	0.798574	0.002883	75.000000	0.154843	0.014313	75.000000	0.165709	0.028081	75.000000	0.422731	0.003950	75.000000	-0.032177	0.041071	75.000000	-1.146126	0.015575	75.000000	0.182538	0.042772	75.000000	-0.017847	0.032019	75.000000	-2.127591	0.073433	75.000000	0.361846	0.042984
76	76.000000	0.177032	0.013759	76.000000	0.210596	0.028990	76.000000	0.800256	0.002508	76.000000	0.154585	0.014424	76.000000	0.145038	0.028255	76.000000	0.426276	0.003619	76.000000	-0.028746	0.043678	76.000000	-1.159181	0.015511	76.000000	0.154589	0.045110	76.000000	-0.030508	0.026324	76.000000	-2.058011	0.077681	76.000000	0.344535	0.045343
77	77.000000	0.176765	0.013980	77.000000	0.199091	0.029031	77.000000	0.801642	0.002125	77.000000	0.154213	0.014565	77.000000	0.125077	0.028501	77.000000	0.429594	0.003245	77.000000	-0.025780	0.045537	77.000000	-1.170404	0.016434	77.000000	0.124038	0.046078	77.000000	-0.039128	0.024453	77.000000	-1.984005	0.081828	77.000000	0.316888	0.047318
78	78.000000	0.176523	0.014219	78.000000	0.187485	0.029094	78.000000	0.802714	0.001750	78.000000	0.153778	0.014749	78.000000	0.105867	0.028827	78.000000	0.432586	0.002840	78.000000	-0.023051	0.046524	78.000000	-1.179251	0.018041	78.000000	0.091889	0.045596	78.000000	-0.042648	0.027210	78.000000	-1.905523	0.085466	78.000000	0.279895	0.048881
79	79.000000	0.176307	0.014473	79.000000	0.175805	0.029178	79.000000	0.803461	0.001401	79.000000	0.153336	0.014984	79.000000	0.087453	0.029233	79.000000	0.435166	0.002419	79.000000	-0.020293	0.046498	79.000000	-1.185619	0.019763	79.000000	0.059102	0.043861	79.000000	-0.041240	0.033127	79.000000	-1.822413	0.088288	79.000000	0.234760	0.050149
80	80.000000	0.176119	0.014733	80.000000	0.164075	0.029277	80.000000	0.803879	0.001096	80.000000	0.152938	0.015271	80.000000	0.069882	0.029717	80.000000	0.437259	0.002000	80.000000	-0.017305	0.045337	80.000000	-1.189778	0.020954	80.000000	0.026615	0.041274	80.000000	-0.036130	0.040376	80.000000	-1.734509	0.090056	80.000000	0.182854	0.051191
81	81.000000	0.175963	0.014989	81.000000	0.152317	0.029377	81.000000	0.803979	0.000855	81.000000	0.152611	0.015597	81.000000	0.053202	0.030262	81.000000	0.438805	0.001616	81.000000	-0.014120	0.043130	81.000000	-1.192382	0.021327	81.000000	-0.004690	0.038439	81.000000	-0.029676	0.047666	81.000000	-1.641792	0.090698	81.000000	0.125620	0.051994
82	82.000000	0.175839	0.015231	82.000000	0.140542	0.029463	82.000000	0.803774	0.000707	82.000000	0.152357	0.015946	82.000000	0.037461	0.030852	82.000000	0.439759	0.001324	82.000000	-0.010850	0.040161	82.000000	-1.194346	0.020912	82.000000	-0.034058	0.035926	82.000000	-0.024517	0.054270	82.000000	-1.544408	0.090233	82.000000	0.064454	0.052482
83	83.000000	0.175749	0.015451	83.000000	0.128752	0.029524	83.000000	0.803290	0.000683	83.000000	0.152148	0.016294	83.000000	0.022705	0.031465	83.000000	0.440090	0.001209	83.000000	-0.007643	0.036938	83.000000	-1.196826	0.019988	83.000000	-0.060988	0.034165	83.000000	-0.023107	0.059527	83.000000	-1.442742	0.088838	83.000000	0.000608	0.052662
84	84.000000	0.175689	0.015647	84.000000	0.116936	0.029551	84.000000	0.802553	0.000779	84.000000	0.151931	0.016623	84.000000	0.008974	0.032082	84.000000	0.439777	0.001319	84.000000	-0.004572	0.033945	84.000000	-1.200880	0.018826	84.000000	-0.085293	0.033274	84.000000	-0.027102	0.063058	84.000000	-1.337714	0.086521	84.000000	-0.064634	0.052543
85	85.000000	0.175659	0.015820	85.000000	0.105071	0.029543	85.000000	0.801590	0.000959	85.000000	0.151646	0.016919	85.000000	-0.003699	0.032684	85.000000	0.438811	0.001601	85.000000	-0.001657	0.031517	85.000000	-1.207316	0.017503	85.000000	-0.107084	0.033154	85.000000	-0.037234	0.064555	85.000000	-1.230987	0.083038	85.000000	-0.129822	0.052023
86	86.000000	0.175657	0.015978	86.000000	0.093130	0.029504	86.000000	0.800425	0.001187	86.000000	0.151227	0.017182	86.000000	-0.015308	0.033240	86.000000	0.437201	0.001967	86.000000	0.001072	0.029608	86.000000	-1.216276	0.015934	86.000000	-0.126740	0.033432	86.000000	-0.052697	0.064354	86.000000	-1.125677	0.077838	86.000000	-0.192838	0.050641
87	87.000000	0.175682	0.016128	87.000000	0.081085	0.029447	87.000000	0.799077	0.001443	87.000000	0.150623	0.017421	87.000000	-0.025876	0.033714	87.000000	0.434975	0.002356	87.000000	0.003493	0.027959	87.000000	-1.227426	0.014132	87.000000	-0.144707	0.033647	87.000000	-0.071532	0.062918	87.000000	-1.026335	0.070553	87.000000	-0.250910	0.047782
88	88.000000	0.175730	0.016274	88.000000	0.068918	0.029384	88.000000	0.797559	0.001714	88.000000	0.149811	0.017664	88.000000	-0.035486	0.034058	88.000000	0.432197	0.002720	88.000000	0.005288	0.026187	88.000000	-1.239943	0.012702	88.000000	-0.161369	0.033310	88.000000	-0.090372	0.060851	88.000000	-0.939361	0.061563	88.000000	-0.300403	0.042919
89	89.000000	0.175793	0.016415	89.000000	0.056620	0.029331	89.000000	0.795884	0.001986	89.000000	0.148810	0.017934	89.000000	-0.044292	0.034226	89.000000	0.428969	0.003019	89.000000	0.005963	0.024167	89.000000	-1.252786	0.012981	89.000000	-0.176780	0.032151	89.000000	-0.105737	0.058678	89.000000	-0.872451	0.053298	89.000000	-0.337467	0.036390
90	90.000000	0.175858	0.016545	90.000000	0.044193	0.029304	90.000000	0.794060	0.002244	90.000000	0.147675	0.018254	90.000000	-0.052528	0.034177	90.000000	0.425437	0.003213	90.000000	0.004877	0.022182	90.000000	-1.264847	0.015708	90.000000	-0.190620	0.030134	90.000000	-0.114430	0.057054	90.000000	-0.834005	0.051009	90.000000	-0.358432	0.029983
91	91.000000	0.175903	0.016657	91.000000	0.031651	0.029315	91.000000	0.792106	0.002476	91.000000	0.146491	0.018629	91.000000	-0.060527	0.033886	91.000000	0.421780	0.003276	91.000000	0.001282	0.021155	91.000000	-1.275230	0.019948	91.000000	-0.202022	0.027457	91.000000	-0.114953	0.056563	91.000000	-0.831447	0.059349	91.000000	-0.360981	0.027611
92	92.000000	0.175902	0.016746	92.000000	0.019016	0.029372	92.000000	0.790050	0.002671	92.000000	0.145348	0.019055	92.000000	-0.068681	0.033351	92.000000	0.418194	0.003193	92.000000	-0.005595	0.022181	92.000000	-1.283543	0.024425	92.000000	-0.209842	0.024436	92.000000	-0.107194	0.057166	92.000000	-0.869891	0.075314	92.000000	-0.344310	0.031508
93	93.000000	0.175816	0.016815	93.000000	0.006313	0.029478	93.000000	0.787934	0.002820	93.000000	0.144328	0.019521	93.000000	-0.077433	0.032601	93.000000	0.414876	0.002977	93.000000	-0.016495	0.025575	93.000000	-1.290428	0.028327	93.000000	-0.212773	0.021462	93.000000	-0.092937	0.058144	93.000000	-0.949512	0.092060	93.000000	-0.310024	0.038727
94	94.000000	0.175603	0.016869	94.000000	-0.006447	0.029628	94.000000	0.785813	0.002912	94.000000	0.143485	0.020014	94.000000	-0.087193	0.031696	94.000000	0.411990	0.002656	94.000000	-0.031793	0.030606	94.000000	-1.297315	0.031238	94.000000	-0.209839	0.019209	94.000000	-0.074816	0.058562	94.000000	-1.064785	0.103993	94.000000	-0.261559	0.045410
95	95.000000	0.175214	0.016918	95.000000	-0.019271	0.029813	95.000000	0.783751	0.002941	95.000000	0.142844	0.020518	95.000000	-0.098299	0.030723	95.000000	0.409660	0.002272	95.000000	-0.051347	0.036153	95.000000	-1.306227	0.032984	95.000000	-0.200559	0.018646	95.000000	-0.055968	0.057925	95.000000	-1.204061	0.107130	95.000000	-0.204006	0.049458
96	96.000000	0.174608	0.016973	96.000000	-0.032195	0.030025	96.000000	0.781817	0.002902	96.000000	0.142391	0.021019	96.000000	-0.110910	0.029777	96.000000	0.407948	0.001878	96.000000	-0.074034	0.041256	96.000000	-1.318450	0.033579	96.000000	-0.185191	0.020318	96.000000	-0.038733	0.056460	96.000000	-1.350437	0.100166	96.000000	-0.143046	0.050134
97	97.000000	0.173757	0.017043	97.000000	-0.045261	0.030255	97.000000	0.780069	0.002797	97.000000	0.142096	0.021504	97.000000	-0.125024	0.028950	97.000000	0.406859	0.001527	97.000000	-0.098171	0.045167	97.000000	-1.334436	0.033236	97.000000	-0.164493	0.023457	97.000000	-0.024523	0.054758	97.000000	-1.485644	0.083567	97.000000	-0.084035	0.047440
98	98.000000	0.172662	0.017139	98.000000	-0.058504	0.030495	98.000000	0.778539	0.002637	98.000000	0.141924	0.021968	98.000000	-0.140425	0.028297	98.000000	0.406329	0.001266	98.000000	-0.121839	0.047550	98.000000	-1.353201	0.032330	98.000000	-0.139627	0.026753	98.000000	-0.013118	0.053406	98.000000	-1.594909	0.060127	98.000000	-0.030490	0.041977
99	99.000000	0.171335	0.017270	99.000000	-0.071951	0.030738	99.000000	0.777283	0.002439	99.000000	0.141847	0.022407	99.000000	-0.156751	0.027858	99.000000	0.406298	0.001117	99.000000	-0.142819	0.048292	99.000000	-1.372641	0.031254	99.000000	-0.111381	0.029140	99.000000	-0.004485	0.051936	99.000000	-1.666178	0.034206	99.000000	0.015535	0.034796
100	100.000000	0.169803	0.017449	100.000000	-0.085613	0.030971	100.000000	0.776373	0.002223	100.000000	0.141848	0.022812	100.000000	-0.173517	0.027649	100.000000	0.406721	0.001053	100.000000	-0.158875	0.047460	100.000000	-1.389811	0.030245	100.000000	-0.080000	0.030029	100.000000	0.000825	0.048733	100.000000	-1.692287	0.012128	100.000000	0.053779	0.027368
101	101.000000	0.168150	0.017664	101.000000	-0.099410	0.031196	101.000000	0.775695	0.002009	101.000000	0.141892	0.023194	101.000000	-0.190439	0.027584	101.000000	0.407413	0.001033	101.000000	-0.171364	0.045890	101.000000	-1.404873	0.029538	101.000000	-0.046736	0.029912	101.000000	0.003933	0.044022	101.000000	-1.688962	0.015179	101.000000	0.087196	0.020730
